1	4	10	7	8	nuke	5	2	1	
2	5	11	8	1	10	6	3	
3	6	3	9	2	11	nuke	4	1	
4	7	1	nuke	3	9	8	5	1	
5	8	2	11	4	1	9	6	
6	9	nuke	10	5	2	10	7	1	
7	10	4	1	6	3	11	8	
8	11	5	2	7	4	7	9	
9	2	6	3	nuke	5	1	10	2	
10	1	7	4	9	6	2	nuke	2	
11	nuke	8	5	10	7	3	11	2	
1	5	3	nuke	4	2	11	9	3	
2	6	1	11	5	3	7	10	
3	7	2	10	6	4	1	nuke	3	
4	8	nuke	1	7	5	2	11	3	
5	9	4	2	nuke	6	3	1	3	
6	10	5	3	9	7	4	2	
7	11	6	4	10	8	5	3	
8	2	7	5	11	nuke	6	4	4	
9	1	8	6	8	10	nuke	5	4	
10	nuke	9	7	1	11	8	6	4	
11	3	10	8	2	9	9	7	
1	6	11	10	nuke	7	2	5	5	
2	7	3	1	9	8	3	6	
3	8	1	2	10	nuke	4	7	5	
4	9	2	3	11	10	5	8	
5	10	nuke	4	8	11	6	9	5	
6	11	4	5	1	9	nuke	10	5	
7	2	5	6	2	1	8	nuke	6	
8	1	6	7	3	2	9	11	
9	nuke	7	8	4	3	10	1	6	
10	3	8	9	5	4	11	2	
11	4	9	nuke	6	5	7	3	6	
1	3	4	11	9	10	8	11	
2	4	5	10	10	11	9	1	
3	5	6	1	11	9	10	2	
4	6	7	2	8	1	11	3	
5	7	8	3	1	2	7	4	
6	8	9	4	2	3	1	5	
7	9	10	5	3	4	2	6	
8	10	11	6	4	5	3	7	
9	11	3	7	5	6	4	8	
10	2	1	8	6	7	5	9	
11	1	2	9	7	8	6	10	
nuke	3	9	6	11	8	4	1	2	
nuke	4	11	9	3	1	10	8	4	
nuke	5	10	11	7	6	1	4	6	
