1	2	8	5	12	6	13	11	
2	3	9	6	13	7	8	12	
3	nuke	10	7	10	8	1	13	1	
4	5	11	8	1	9	2	1	
5	6	12	9	2	10	3	nuke	1	
6	7	13	10	3	nuke	4	2	1	
7	8	5	11	4	12	5	3	
8	9	1	12	5	13	6	4	
9	10	2	nuke	6	11	7	5	1	
10	11	3	13	7	1	nuke	6	2	
11	12	4	1	8	2	9	7	
12	13	nuke	2	9	3	10	8	2	
13	4	6	3	nuke	4	11	9	2	
1	3	10	8	2	nuke	5	4	3	
2	nuke	11	9	3	12	6	5	3	
3	5	12	10	4	13	7	6	
4	6	13	11	5	11	nuke	7	3	
5	7	5	12	6	1	9	8	
6	8	1	nuke	7	2	10	9	3	
7	9	2	13	8	3	11	10	
8	10	3	1	9	4	12	11	
9	11	4	2	nuke	5	13	12	4	
10	12	nuke	3	11	6	8	13	4	
11	13	6	4	12	7	1	1	
12	4	7	5	13	8	2	nuke	4	
13	1	8	6	10	9	3	2	
1	nuke	9	10	5	2	11	8	5	
2	5	10	11	6	3	12	9	
3	6	11	12	7	4	13	10	
4	7	12	nuke	8	5	8	11	5	
5	8	13	13	9	6	1	12	
6	9	5	1	nuke	7	2	13	5	
7	10	1	2	11	8	3	1	
8	11	2	3	12	9	4	nuke	5	
9	12	3	4	13	10	5	2	
10	13	4	5	10	nuke	6	3	6	
11	4	nuke	6	1	12	7	4	6	
12	1	6	7	2	13	nuke	5	6	
13	2	7	8	3	11	9	6	
1	5	6	13	11	12	9	2	
2	6	7	1	12	13	10	3	
3	7	8	2	13	11	11	4	
4	8	9	3	10	1	12	5	
5	9	10	4	1	2	13	6	
6	10	11	5	2	3	8	7	
7	11	12	6	3	4	1	8	
8	12	13	7	4	5	2	9	
9	13	5	8	5	6	3	10	
10	4	1	9	6	7	4	11	
11	1	2	10	7	8	5	12	
12	2	3	11	8	9	6	13	
13	3	4	12	9	10	7	1	
nuke	1	7	4	11	5	12	10	2	
nuke	2	9	7	1	10	4	3	4	
nuke	3	8	9	4	1	10	7	6	
