1	2	4	7	13	9	5	nuke	1	
2	3	5	8	14	10	6	7	
3	nuke	6	9	15	11	7	8	1	
4	5	nuke	10	10	12	8	9	1	
5	6	8	11	1	13	9	10	
6	7	9	12	2	14	10	11	
7	8	10	13	3	15	nuke	12	1	
8	9	11	14	4	1	12	13	
9	10	12	15	5	nuke	13	14	2	
10	11	13	5	6	2	14	15	
11	12	14	1	7	3	15	6	
12	13	15	2	8	4	11	1	
13	14	7	3	9	5	1	2	
14	15	1	4	nuke	6	2	3	2	
15	4	2	nuke	11	7	3	4	2	
1	3	nuke	11	2	15	13	6	3	
2	nuke	8	12	3	1	14	1	3	
3	5	9	13	4	nuke	15	2	3	
4	6	10	14	5	2	11	3	
5	7	11	15	6	3	1	4	
6	8	12	5	7	4	2	5	
7	9	13	1	8	5	3	nuke	3	
8	10	14	2	9	6	4	7	
9	11	15	3	nuke	7	5	8	4	
10	12	7	4	11	8	6	9	
11	13	1	nuke	12	9	7	10	4	
12	14	2	6	13	10	8	11	
13	15	3	7	14	11	9	12	
14	4	4	8	15	12	10	13	
15	1	5	9	10	13	nuke	14	4	
1	nuke	9	14	6	5	2	12	5	
2	5	10	15	7	6	3	13	
3	6	11	5	8	7	4	14	
4	7	12	1	9	8	5	15	
5	8	13	2	nuke	9	6	6	5	
6	9	14	3	11	10	7	1	
7	10	15	4	12	11	8	2	
8	11	7	nuke	13	12	9	3	5	
9	12	1	6	14	13	10	4	
10	13	2	7	15	14	nuke	5	5	
11	14	3	8	10	15	12	nuke	6	
12	15	4	9	1	1	13	7	
13	4	5	10	2	nuke	14	8	6	
14	1	6	11	3	2	15	9	
15	2	nuke	12	4	3	11	10	6	
1	5	8	6	11	2	12	7	
2	6	9	7	12	3	13	8	
3	7	10	8	13	4	14	9	
4	8	11	9	14	5	15	10	
5	9	12	10	15	6	11	11	
6	10	13	11	10	7	1	12	
7	11	14	12	1	8	2	13	
8	12	15	13	2	9	3	14	
9	13	7	14	3	10	4	15	
10	14	1	15	4	11	5	6	
11	15	2	5	5	12	6	1	
12	4	3	1	6	13	7	2	
13	1	4	2	7	14	8	3	
14	2	5	3	8	15	9	4	
15	3	6	4	9	1	10	5	
nuke	1	3	6	12	8	4	5	2	
nuke	2	6	10	1	14	12	15	4	
nuke	3	8	13	5	4	1	11	6	
