1	2	3	4	5	6	7	8	
2	3	4	5	6	7	8	9	
3	nuke	5	6	7	8	9	10	1	
4	5	6	7	8	9	10	11	
5	6	7	8	9	10	11	12	
6	7	nuke	9	10	11	12	13	1	
7	8	9	10	11	12	13	14	
8	9	10	11	12	13	14	15	
9	10	11	nuke	13	14	15	16	1	
10	11	12	13	14	15	16	17	
11	12	13	14	15	16	17	18	
12	13	14	15	nuke	17	18	19	1	
13	14	15	16	17	18	19	20	
14	15	16	17	18	19	20	21	
15	16	17	18	19	nuke	21	22	2	
16	17	18	19	20	21	22	5	
17	18	19	20	21	22	1	1	
18	19	20	21	22	20	nuke	2	2	
19	20	21	22	16	1	2	3	
20	21	22	12	1	2	3	4	
21	22	8	1	2	3	4	nuke	2	
22	4	1	2	3	4	5	6	
1	3	5	7	9	11	13	15	
2	nuke	6	8	10	12	14	16	3	
3	5	7	9	11	13	15	17	
4	6	nuke	10	12	14	16	18	3	
5	7	9	11	13	15	17	19	
6	8	10	nuke	14	16	18	20	3	
7	9	11	13	15	17	19	21	
8	10	12	14	nuke	18	20	22	3	
9	11	13	15	17	19	21	5	
10	12	14	16	18	nuke	22	1	4	
11	13	15	17	19	21	1	2	
12	14	16	18	20	22	nuke	3	4	
13	15	17	19	21	20	2	4	
14	16	18	20	22	1	3	nuke	4	
15	17	19	21	16	2	4	6	
16	18	20	22	1	3	5	7	
17	19	21	12	2	4	6	8	
18	20	22	1	3	5	7	9	
19	21	8	2	4	6	8	10	
20	22	1	3	5	7	9	11	
21	4	2	4	6	8	10	12	
22	1	3	5	7	9	11	13	
1	nuke	7	10	13	16	19	22	5	
2	5	nuke	11	14	17	20	5	5	
3	6	9	nuke	15	18	21	1	5	
4	7	10	13	nuke	19	22	2	5	
5	8	11	14	17	nuke	1	3	6	
6	9	12	15	18	21	nuke	4	6	
7	10	13	16	19	22	2	nuke	6	
8	11	14	17	20	20	3	6	
9	12	15	18	21	1	4	7	
10	13	16	19	22	2	5	8	
11	14	17	20	16	3	6	9	
12	15	18	21	1	4	7	10	
13	16	19	22	2	5	8	11	
14	17	20	12	3	6	9	12	
15	18	21	1	4	7	10	13	
16	19	22	2	5	8	11	14	
17	20	8	3	6	9	12	15	
18	21	1	4	7	10	13	16	
19	22	2	5	8	11	14	17	
20	4	3	6	9	12	15	18	
21	1	4	7	10	13	16	19	
22	2	5	8	11	14	17	20	
1	5	9	13	17	21	2	6	
2	6	10	14	18	22	3	7	
3	7	11	15	19	20	4	8	
4	8	12	16	20	1	5	9	
5	9	13	17	21	2	6	10	
6	10	14	18	22	3	7	11	
7	11	15	19	16	4	8	12	
8	12	16	20	1	5	9	13	
9	13	17	21	2	6	10	14	
10	14	18	22	3	7	11	15	
11	15	19	12	4	8	12	16	
12	16	20	1	5	9	13	17	
13	17	21	2	6	10	14	18	
14	18	22	3	7	11	15	19	
15	19	8	4	8	12	16	20	
16	20	1	5	9	13	17	21	
17	21	2	6	10	14	18	22	
18	22	3	7	11	15	19	5	
19	4	4	8	12	16	20	1	
20	1	5	9	13	17	21	2	
21	2	6	10	14	18	22	3	
22	3	7	11	15	19	1	4	
nuke	1	2	3	4	5	6	7	2	
nuke	2	4	6	8	10	12	14	4	
nuke	3	6	9	12	15	18	21	6	
