1	2	3	4	
2	3	4	5	
3	nuke	5	6	1	
4	5	6	7	
5	6	7	8	
6	7	nuke	9	1	
7	8	9	10	
8	9	10	1	
9	10	8	nuke	1	
10	4	1	2	
1	3	5	7	
2	nuke	6	8	2	
3	5	7	9	
4	6	nuke	10	2	
5	7	9	1	
6	8	10	nuke	2	
7	9	8	2	
8	10	1	3	
9	4	2	4	
10	1	3	5	
1	nuke	7	10	3	
2	5	nuke	1	3	
3	6	9	nuke	3	
4	7	10	2	
5	8	8	3	
6	9	1	4	
7	10	2	5	
8	4	3	6	
9	1	4	7	
10	2	5	8	
1	5	9	2	
2	6	10	3	
3	7	8	4	
4	8	1	5	
5	9	2	6	
6	10	3	7	
7	4	4	8	
8	1	5	9	
9	2	6	10	
10	3	7	1	
nuke	1	2	3	1	
nuke	2	4	6	2	
nuke	3	6	9	3	
