1	2	3	4	
2	3	4	5	
3	nuke	5	6	1	
4	5	6	7	
5	6	7	8	
6	7	nuke	9	1	
7	8	9	10	
8	9	10	11	
9	10	11	nuke	1	
10	11	12	13	
11	12	13	14	
12	13	14	15	
13	14	15	16	
14	15	16	17	
15	16	17	18	
16	17	18	12	
17	18	8	1	
18	4	1	2	
1	3	5	7	
2	nuke	6	8	2	
3	5	7	9	
4	6	nuke	10	2	
5	7	9	11	
6	8	10	nuke	2	
7	9	11	13	
8	10	12	14	
9	11	13	15	
10	12	14	16	
11	13	15	17	
12	14	16	18	
13	15	17	12	
14	16	18	1	
15	17	8	2	
16	18	1	3	
17	4	2	4	
18	1	3	5	
1	nuke	7	10	3	
2	5	nuke	11	3	
3	6	9	nuke	3	
4	7	10	13	
5	8	11	14	
6	9	12	15	
7	10	13	16	
8	11	14	17	
9	12	15	18	
10	13	16	12	
11	14	17	1	
12	15	18	2	
13	16	8	3	
14	17	1	4	
15	18	2	5	
16	4	3	6	
17	1	4	7	
18	2	5	8	
1	5	9	13	
2	6	10	14	
3	7	11	15	
4	8	12	16	
5	9	13	17	
6	10	14	18	
7	11	15	12	
8	12	16	1	
9	13	17	2	
10	14	18	3	
11	15	8	4	
12	16	1	5	
13	17	2	6	
14	18	3	7	
15	4	4	8	
16	1	5	9	
17	2	6	10	
18	3	7	11	
nuke	1	2	3	1	
nuke	2	4	6	2	
nuke	3	6	9	3	
