1	2	5	7	
2	3	6	8	
3	nuke	7	9	1	
4	5	8	10	
5	6	9	11	
6	7	10	12	
7	8	11	13	
8	9	12	14	
9	10	nuke	15	1	
10	11	14	16	
11	12	15	17	
12	13	16	18	
13	14	17	19	
14	15	18	20	
15	16	19	21	
16	17	20	22	
17	18	21	23	
18	19	22	24	
19	20	23	25	
20	21	24	26	
21	22	25	1	
22	23	26	nuke	1	
23	24	13	2	
24	25	1	3	
25	26	2	4	
26	4	3	5	
1	3	9	13	
2	nuke	10	14	2	
3	5	11	15	
4	6	12	16	
5	7	nuke	17	2	
6	8	14	18	
7	9	15	19	
8	10	16	20	
9	11	17	21	
10	12	18	22	
11	13	19	23	
12	14	20	24	
13	15	21	25	
14	16	22	26	
15	17	23	1	
16	18	24	nuke	2	
17	19	25	2	
18	20	26	3	
19	21	13	4	
20	22	1	5	
21	23	2	6	
22	24	3	7	
23	25	4	8	
24	26	5	9	
25	4	6	10	
26	1	7	11	
1	nuke	12	17	3	
2	5	nuke	18	3	
3	6	14	19	
4	7	15	20	
5	8	16	21	
6	9	17	22	
7	10	18	23	
8	11	19	24	
9	12	20	25	
10	13	21	26	
11	14	22	1	
12	15	23	nuke	3	
13	16	24	2	
14	17	25	3	
15	18	26	4	
16	19	13	5	
17	20	1	6	
18	21	2	7	
19	22	3	8	
20	23	4	9	
21	24	5	10	
22	25	6	11	
23	26	7	12	
24	4	8	13	
25	1	9	14	
26	2	10	15	
1	5	14	2	
2	6	15	3	
3	7	16	4	
4	8	17	5	
5	9	18	6	
6	10	19	7	
7	11	20	8	
8	12	21	9	
9	13	22	10	
10	14	23	11	
11	15	24	12	
12	16	25	13	
13	17	26	14	
14	18	13	15	
15	19	1	16	
16	20	2	17	
17	21	3	18	
18	22	4	19	
19	23	5	20	
20	24	6	21	
21	25	7	22	
22	26	8	23	
23	4	9	24	
24	1	10	25	
25	2	11	26	
26	3	12	1	
nuke	1	4	6	1	
nuke	2	8	12	2	
nuke	3	11	16	3	
