1	2	3	4	
2	3	4	5	
3	nuke	5	6	1	
4	5	6	7	
5	6	7	8	
6	7	nuke	9	1	
7	8	9	10	
8	9	10	11	
9	10	11	nuke	1	
10	11	12	13	
11	12	13	14	
12	13	14	15	
13	14	15	16	
14	15	16	17	
15	16	17	18	
16	17	18	19	
17	18	19	20	
18	19	20	21	
19	20	21	22	
20	21	22	23	
21	22	23	24	
22	23	24	25	
23	24	25	26	
24	25	26	27	
25	26	27	28	
26	27	28	12	
27	28	8	1	
28	4	1	2	
1	3	5	7	
2	nuke	6	8	2	
3	5	7	9	
4	6	nuke	10	2	
5	7	9	11	
6	8	10	nuke	2	
7	9	11	13	
8	10	12	14	
9	11	13	15	
10	12	14	16	
11	13	15	17	
12	14	16	18	
13	15	17	19	
14	16	18	20	
15	17	19	21	
16	18	20	22	
17	19	21	23	
18	20	22	24	
19	21	23	25	
20	22	24	26	
21	23	25	27	
22	24	26	28	
23	25	27	12	
24	26	28	1	
25	27	8	2	
26	28	1	3	
27	4	2	4	
28	1	3	5	
1	nuke	7	10	3	
2	5	nuke	11	3	
3	6	9	nuke	3	
4	7	10	13	
5	8	11	14	
6	9	12	15	
7	10	13	16	
8	11	14	17	
9	12	15	18	
10	13	16	19	
11	14	17	20	
12	15	18	21	
13	16	19	22	
14	17	20	23	
15	18	21	24	
16	19	22	25	
17	20	23	26	
18	21	24	27	
19	22	25	28	
20	23	26	12	
21	24	27	1	
22	25	28	2	
23	26	8	3	
24	27	1	4	
25	28	2	5	
26	4	3	6	
27	1	4	7	
28	2	5	8	
1	5	9	13	
2	6	10	14	
3	7	11	15	
4	8	12	16	
5	9	13	17	
6	10	14	18	
7	11	15	19	
8	12	16	20	
9	13	17	21	
10	14	18	22	
11	15	19	23	
12	16	20	24	
13	17	21	25	
14	18	22	26	
15	19	23	27	
16	20	24	28	
17	21	25	12	
18	22	26	1	
19	23	27	2	
20	24	28	3	
21	25	8	4	
22	26	1	5	
23	27	2	6	
24	28	3	7	
25	4	4	8	
26	1	5	9	
27	2	6	10	
28	3	7	11	
nuke	1	2	3	1	
nuke	2	4	6	2	
nuke	3	6	9	3	
