1	3	5	7	9	11	13	15	17	1	3	5	7	9	7	3	5	3	3	13	9	15	7	13	11
2	4	6	8	10	12	14	16	18	2	4	6	8	10	8	4	6	4	4	14	10	16	8	14	12
1	9	15	1	13	1	5	9	7	3	5	3	3	3	1	5	9	15	7	1	11	5	9	7	3
2	10	16	2	14	2	6	10	8	4	6	4	4	4	2	6	10	16	8	2	12	6	10	8	4
3	4	9	15	7	13	11	5	9	7	1	1	3	13	15	11	11	16	17	13	17	9	13	5	7
4	3	10	16	8	14	12	6	10	8	2	2	4	14	16	12	12	15	18	14	18	10	14	6	8
4	1	5	9	15	7	1	11	5	9	7	4	5	13	5	7	17	13	15	11	11	16	17	3	17
3	2	6	10	16	8	2	12	6	10	8	3	6	14	6	8	18	14	16	12	12	15	18	4	18
5	1	3	7	1	15	7	13	11	5	9	7	4	10	15	8	13	11	5	9	7	3	5	1	3
6	2	4	8	2	16	8	14	12	6	10	8	3	9	16	7	14	12	6	10	8	4	6	2	4
4	5	4	3	9	9	15	7	13	11	5	9	1	5	8	17	13	16	1	12	1	1	1	17	9
3	6	3	4	10	10	16	8	14	12	6	10	2	6	7	18	14	15	2	11	2	2	2	18	10
7	2	1	3	3	11	9	1	7	13	11	2	9	11	5	9	1	4	5	3	3	17	10	15	7
8	1	2	4	4	12	10	2	8	14	12	1	10	12	6	10	2	3	6	4	4	18	9	16	8
9	7	4	5	4	3	13	10	15	7	13	11	5	7	13	12	6	1	7	3	5	3	3	4	10
10	8	3	6	3	4	14	9	16	8	14	12	6	8	14	11	5	2	8	4	6	4	4	3	9
6	9	7	4	5	4	3	15	10	15	7	13	11	5	9	8	3	5	4	3	15	9	15	8	13
5	10	8	3	6	3	4	16	9	16	8	14	12	6	10	7	4	6	3	4	16	10	16	7	14
11	6	9	1	4	5	4	3	17	9	15	8	13	10	14	1	1	17	13	15	12	11	15	17	5
12	5	10	2	3	6	3	4	18	10	16	7	14	9	13	2	2	18	14	16	11	12	16	18	6
13	11	2	10	7	4	5	3	3	1	10	15	1	15	17	6	17	1	14	5	7	2	14	15	12
14	12	1	9	8	3	6	4	4	2	9	16	2	16	18	5	18	2	13	6	8	1	13	16	11
8	13	11	6	1	7	4	5	3	3	3	10	15	7	18	13	15	12	1	16	18	17	18	9	13
7	14	12	5	2	8	3	6	4	4	4	9	16	8	17	14	16	11	2	15	17	18	17	10	14
15	7	13	11	5	10	7	4	5	4	1	5	9	12	16	17	7	17	9	1	6	7	18	14	15
16	8	14	12	6	9	8	3	6	3	2	6	10	11	15	18	8	18	10	2	5	8	17	13	16
9	15	7	13	11	5	9	7	4	5	1	4	7	17	3	18	9	14	6	7	18	13	16	11	12
10	16	8	14	12	6	10	8	3	6	2	3	8	18	4	17	10	13	5	8	17	14	15	12	11
1	17	10	14	6	8	17	13	16	12	12	16	17	15	8	13	11	5	9	7	3	6	3	2	5
2	18	9	13	5	7	18	14	15	11	11	15	18	16	7	14	12	6	10	8	4	5	4	1	6
17	4	17	10	13	6	8	17	13	16	12	12	16	16	11	12	15	17	11	17	9	13	5	8	17
18	3	18	9	14	5	7	18	14	15	11	11	15	15	12	11	16	18	12	18	10	14	6	7	18
15	17	5	17	2	13	6	8	1	13	16	12	12	14	12	1	9	7	4	5	4	3	1	9	16
16	18	6	18	1	14	5	7	2	14	15	11	11	13	11	2	10	8	3	6	3	4	2	10	15
11	16	17	7	17	10	1	5	8	17	13	16	12	8	1	2	3	4	12	10	1	8	14	11	1
12	15	18	8	18	9	2	6	7	18	14	15	11	7	2	1	4	3	11	9	2	7	13	12	2
12	12	15	18	9	17	10	13	6	7	17	14	16	17	14	15	12	12	15	18	15	2	10	14	1
11	11	16	17	10	18	9	14	5	8	18	13	15	18	13	16	11	11	16	17	16	1	9	13	2
16	12	12	15	17	12	18	10	14	5	7	17	13	3	4	9	15	7	14	12	6	10	7	2	2
15	11	11	16	18	11	17	9	13	6	8	18	14	4	3	10	16	8	13	11	5	9	8	1	1
14	16	12	12	15	18	14	18	10	13	5	8	18	4	6	3	4	9	9	16	7	13	11	5	10
13	15	11	11	16	17	13	17	9	14	6	7	17	3	5	4	3	10	10	15	8	14	12	6	9
17	13	15	12	11	15	18	15	2	10	14	2	2	12	12	16	17	10	17	10	13	6	8	17	14
18	14	16	11	12	16	17	16	1	9	13	1	1	11	11	15	18	9	18	9	14	5	7	18	13
8	17	13	15	12	2	15	18	18	18	10	14	5	1	9	16	1	14	2	6	9	8	4	6	3
7	18	14	16	11	1	16	17	17	17	9	13	6	2	10	15	2	13	1	5	10	7	3	5	4
6	8	18	14	16	2	11	1	2	1	18	10	14	17	10	14	6	7	18	1	1	11	11	16	17
5	7	17	13	15	1	12	2	1	2	17	9	13	18	9	13	5	8	17	2	2	12	12	15	18
14	6	7	18	13	16	12	11	16	18	4	18	10	2	4	6	7	10	12	13	16	17	1	4	6
13	5	8	17	14	15	11	12	15	17	3	17	9	1	3	5	8	9	11	14	15	18	2	3	5
10	14	2	2	18	14	15	12	11	16	18	5	18	2	18	9	14	5	7	18	13	16	12	11	16
9	13	1	1	17	13	16	11	12	15	17	6	17	1	17	10	13	6	8	17	14	15	11	12	15
17	10	13	6	8	18	2	2	11	12	16	18	7	5	1	4	8	1	15	8	14	11	6	10	7
18	9	14	5	7	17	1	1	12	11	15	17	8	6	2	3	7	2	16	7	13	12	5	9	8
