1	1	1	1	1	1	1	1	1	1	1	1	7	1	1	1	1	1	1	1	1	2	1	1	1	1	1	1	1	1	1	1	1	
1	2	2	2	2	2	2	2	2	2	2	2	1	2	2	2	2	2	2	2	2	1	2	2	2	2	2	7	2	2	2	2	2	
1	3	3	3	3	3	3	3	3	3	3	3	2	3	3	3	3	3	3	3	3	7	3	3	3	3	3	2	3	3	3	3	3	
2	4	4	4	4	4	4	4	4	4	4	4	2	4	4	4	4	4	4	4	4	2	4	4	4	4	4	8	4	4	4	4	4	
2	5	5	5	5	5	5	5	5	5	5	5	8	5	5	5	5	5	5	5	5	1	5	5	5	5	5	2	5	5	5	5	5	
2	6	6	6	6	6	6	6	6	6	6	6	1	6	6	6	6	6	6	6	6	8	6	6	6	6	6	1	6	6	6	6	6	
7	7	7	7	7	7	7	7	7	7	7	7	1	7	7	7	7	7	7	7	7	2	7	7	7	7	7	2	7	7	7	7	7	
8	8	8	8	8	8	8	8	8	8	8	8	2	8	8	8	8	8	8	8	8	1	8	8	8	8	8	1	8	8	8	8	8	
3	9	9	9	2	9	9	9	3	9	9	9	7	9	9	4	9	9	5	9	9	4	9	9	6	9	9	3	9	9	7	9	9	
3	10	10	10	3	10	10	10	4	10	10	10	3	10	10	5	10	10	6	10	10	3	10	10	7	10	10	7	10	10	8	10	10	
3	11	11	11	4	11	11	11	5	11	11	11	4	11	11	6	11	11	7	11	11	7	11	11	8	11	11	4	11	11	1	11	11	
4	12	12	12	5	12	12	12	6	12	12	12	4	12	12	7	12	12	8	12	12	4	12	12	1	12	12	8	12	12	2	12	12	
4	13	13	13	6	13	13	13	7	13	13	13	8	13	13	8	13	13	1	13	13	3	13	13	2	13	13	4	13	13	3	13	13	
4	14	14	14	7	14	14	14	8	14	14	14	3	14	14	1	14	14	2	14	14	8	14	14	3	14	14	3	14	14	4	14	14	
7	15	15	15	8	15	15	15	1	15	15	15	3	15	15	2	15	15	3	15	15	4	15	15	4	15	15	4	15	15	5	15	15	
8	16	16	16	1	16	16	16	2	16	16	16	4	16	16	3	16	16	4	16	16	3	16	16	5	16	16	3	16	16	6	16	16	
5	17	17	17	3	17	17	17	5	17	17	17	7	17	17	7	17	17	2	17	17	6	17	17	4	17	17	5	17	17	6	17	17	
5	18	18	18	4	18	18	18	6	18	18	18	5	18	18	8	18	18	3	18	18	5	18	18	5	18	18	7	18	18	7	18	18	
5	19	19	19	5	19	19	19	7	19	19	19	6	19	19	1	19	19	4	19	19	7	19	19	6	19	19	6	19	19	8	19	19	
6	20	20	20	6	20	20	20	8	20	20	20	6	20	20	2	20	20	5	20	20	6	20	20	7	20	20	8	20	20	1	20	20	
6	21	21	21	7	21	21	21	1	21	21	21	8	21	21	3	21	21	6	21	21	5	21	21	8	21	21	6	21	21	2	21	21	
6	22	22	22	8	22	22	22	2	22	22	22	5	22	22	4	22	22	7	22	22	8	22	22	1	22	22	5	22	22	3	22	22	
7	23	23	23	1	23	23	23	3	23	23	23	5	23	23	5	23	23	8	23	23	6	23	23	2	23	23	6	23	23	4	23	23	
8	24	24	24	2	24	24	24	4	24	24	24	6	24	24	6	24	24	1	24	24	5	24	24	3	24	24	5	24	24	5	24	24	
9	1	2	3	9	4	5	6	9	7	8	9	15	10	11	9	12	13	9	14	15	10	16	17	9	18	19	9	20	21	9	22	23	
9	2	3	4	10	5	6	7	10	8	9	10	9	11	12	10	13	14	10	15	16	9	17	18	10	19	20	15	21	22	10	23	24	
9	3	4	5	11	6	7	8	11	9	10	11	10	12	13	11	14	15	11	16	17	15	18	19	11	20	21	10	22	23	11	24	1	
10	4	5	6	12	7	8	9	12	10	11	12	10	13	14	12	15	16	12	17	18	10	19	20	12	21	22	16	23	24	12	1	2	
10	5	6	7	13	8	9	10	13	11	12	13	16	14	15	13	16	17	13	18	19	9	20	21	13	22	23	10	24	1	13	2	3	
10	6	7	8	14	9	10	11	14	12	13	14	9	15	16	14	17	18	14	19	20	16	21	22	14	23	24	9	1	2	14	3	4	
15	7	8	9	15	10	11	12	15	13	14	15	9	16	17	15	18	19	15	20	21	10	22	23	15	24	1	10	2	3	15	4	5	
16	8	9	10	16	11	12	13	16	14	15	16	10	17	18	16	19	20	16	21	22	9	23	24	16	1	2	9	3	4	16	5	6	
11	9	10	11	10	12	13	14	11	15	16	17	15	18	19	12	20	21	13	22	23	12	24	1	14	2	3	11	4	5	15	6	7	
11	10	11	12	11	13	14	15	12	16	17	18	11	19	20	13	21	22	14	23	24	11	1	2	15	3	4	15	5	6	16	7	8	
11	11	12	13	12	14	15	16	13	17	18	19	12	20	21	14	22	23	15	24	1	15	2	3	16	4	5	12	6	7	9	8	9	
12	12	13	14	13	15	16	17	14	18	19	20	12	21	22	15	23	24	16	1	2	12	3	4	9	5	6	16	7	8	10	9	10	
12	13	14	15	14	16	17	18	15	19	20	21	16	22	23	16	24	1	9	2	3	11	4	5	10	6	7	12	8	9	11	10	11	
12	14	15	16	15	17	18	19	16	20	21	22	11	23	24	9	1	2	10	3	4	16	5	6	11	7	8	11	9	10	12	11	12	
15	15	16	17	16	18	19	20	9	21	22	23	11	24	1	10	2	3	11	4	5	12	6	7	12	8	9	12	10	11	13	12	13	
16	16	17	18	9	19	20	21	10	22	23	24	12	1	2	11	3	4	12	5	6	11	7	8	13	9	10	11	11	12	14	13	14	
13	17	18	19	11	20	21	22	13	23	24	1	15	2	3	15	4	5	10	6	7	14	8	9	12	10	11	13	12	13	14	14	15	
13	18	19	20	12	21	22	23	14	24	1	2	13	3	4	16	5	6	11	7	8	13	9	10	13	11	12	15	13	14	15	15	16	
13	19	20	21	13	22	23	24	15	1	2	3	14	4	5	9	6	7	12	8	9	15	10	11	14	12	13	14	14	15	16	16	17	
14	20	21	22	14	23	24	1	16	2	3	4	14	5	6	10	7	8	13	9	10	14	11	12	15	13	14	16	15	16	9	17	18	
14	21	22	23	15	24	1	2	9	3	4	5	16	6	7	11	8	9	14	10	11	13	12	13	16	14	15	14	16	17	10	18	19	
14	22	23	24	16	1	2	3	10	4	5	6	13	7	8	12	9	10	15	11	12	16	13	14	9	15	16	13	17	18	11	19	20	
15	23	24	1	9	2	3	4	11	5	6	7	13	8	9	13	10	11	16	12	13	14	14	15	10	16	17	14	18	19	12	20	21	
16	24	1	2	10	3	4	5	12	6	7	8	14	9	10	14	11	12	9	13	14	13	15	16	11	17	18	13	19	20	13	21	22	
17	1	3	2	17	6	8	4	17	11	5	17	23	19	21	17	23	18	17	20	22	18	7	9	17	12	14	17	16	10	17	15	13	
17	2	4	3	18	7	9	5	18	12	6	18	17	20	22	18	24	19	18	21	23	17	8	10	18	13	15	23	17	11	18	16	14	
17	3	5	4	19	8	10	6	19	13	7	19	18	21	23	19	1	20	19	22	24	23	9	11	19	14	16	18	18	12	19	17	15	
18	4	6	5	20	9	11	7	20	14	8	20	18	22	24	20	2	21	20	23	1	18	10	12	20	15	17	24	19	13	20	18	16	
18	5	7	6	21	10	12	8	21	15	9	21	24	23	1	21	3	22	21	24	2	17	11	13	21	16	18	18	20	14	21	19	17	
18	6	8	7	22	11	13	9	22	16	10	22	17	24	2	22	4	23	22	1	3	24	12	14	22	17	19	17	21	15	22	20	18	
23	7	9	8	23	12	14	10	23	17	11	23	17	1	3	23	5	24	23	2	4	18	13	15	23	18	20	18	22	16	23	21	19	
24	8	10	9	24	13	15	11	24	18	12	24	18	2	4	24	6	1	24	3	5	17	14	16	24	19	21	17	23	17	24	22	20	
19	9	11	10	18	14	16	12	19	19	13	1	23	3	5	20	7	2	21	4	6	20	15	17	22	20	22	19	24	18	23	23	21	
19	10	12	11	19	15	17	13	20	20	14	2	19	4	6	21	8	3	22	5	7	19	16	18	23	21	23	23	1	19	24	24	22	
19	11	13	12	20	16	18	14	21	21	15	3	20	5	7	22	9	4	23	6	8	23	17	19	24	22	24	20	2	20	17	1	23	
20	12	14	13	21	17	19	15	22	22	16	4	20	6	8	23	10	5	24	7	9	20	18	20	17	23	1	24	3	21	18	2	24	
20	13	15	14	22	18	20	16	23	23	17	5	24	7	9	24	11	6	17	8	10	19	19	21	18	24	2	20	4	22	19	3	1	
20	14	16	15	23	19	21	17	24	24	18	6	19	8	10	17	12	7	18	9	11	24	20	22	19	1	3	19	5	23	20	4	2	
23	15	17	16	24	20	22	18	17	1	19	7	19	9	11	18	13	8	19	10	12	20	21	23	20	2	4	20	6	24	21	5	3	
24	16	18	17	17	21	23	19	18	2	20	8	20	10	12	19	14	9	20	11	13	19	22	24	21	3	5	19	7	1	22	6	4	
21	17	19	18	19	22	24	20	21	3	21	9	23	11	13	23	15	10	18	12	14	22	23	1	20	4	6	21	8	2	22	7	5	
21	18	20	19	20	23	1	21	22	4	22	10	21	12	14	24	16	11	19	13	15	21	24	2	21	5	7	23	9	3	23	8	6	
21	19	21	20	21	24	2	22	23	5	23	11	22	13	15	17	17	12	20	14	16	23	1	3	22	6	8	22	10	4	24	9	7	
22	20	22	21	22	1	3	23	24	6	24	12	22	14	16	18	18	13	21	15	17	22	2	4	23	7	9	24	11	5	17	10	8	
22	21	23	22	23	2	4	24	17	7	1	13	24	15	17	19	19	14	22	16	18	21	3	5	24	8	10	22	12	6	18	11	9	
22	22	24	23	24	3	5	1	18	8	2	14	21	16	18	20	20	15	23	17	19	24	4	6	17	9	11	21	13	7	19	12	10	
23	23	1	24	17	4	6	2	19	9	3	15	21	17	19	21	21	16	24	18	20	22	5	7	18	10	12	22	14	8	20	13	11	
24	24	2	1	18	5	7	3	20	10	4	16	22	18	20	22	22	17	17	19	21	21	6	8	19	11	13	21	15	9	21	14	12	
