1	1	1	1	1	1	1	1	1	1	1	1	1	1	1	1	1	1	1	1	1	1	1	1	1	
2	2	2	2	2	2	2	2	2	2	2	2	2	2	2	2	2	2	2	2	2	2	2	2	2	
3	3	3	3	3	3	3	3	3	3	3	3	3	3	3	3	3	3	3	3	3	3	3	3	3	
4	4	4	4	4	4	4	4	4	4	4	4	4	4	4	4	4	4	4	4	4	4	4	4	4	
5	5	5	5	5	5	5	5	5	5	5	5	5	5	5	5	5	5	5	5	5	5	5	5	5	
6	6	6	6	6	6	6	6	6	6	6	6	6	6	6	6	6	6	6	6	6	6	6	6	6	
7	7	7	7	7	7	7	7	7	7	7	7	7	7	7	7	7	7	7	7	7	7	7	7	7	
8	8	8	8	8	8	8	8	8	8	8	8	8	8	8	8	8	8	8	8	8	8	8	8	8	
9	9	9	9	9	9	9	9	9	9	9	9	9	9	9	9	9	9	9	9	9	9	9	9	9	
10	10	10	10	10	10	10	10	10	10	10	10	10	10	10	10	10	10	10	10	10	10	10	10	10	
11	11	11	11	11	11	11	11	11	11	11	11	11	11	11	11	11	11	11	11	11	11	11	11	11	
12	12	12	12	12	12	12	12	12	12	12	12	12	12	12	12	12	12	12	12	12	12	12	12	12	
13	13	13	13	13	13	13	13	13	13	13	13	13	13	13	13	13	13	13	13	13	13	13	13	13	
14	14	14	14	14	14	14	14	14	14	14	14	14	14	14	14	14	14	14	14	14	14	14	14	14	
15	15	15	15	15	15	15	15	15	15	15	15	15	15	15	15	15	15	15	15	15	15	15	15	15	
16	16	16	16	16	16	16	16	16	16	16	16	16	16	16	16	16	16	16	16	16	16	16	16	16	
17	17	17	17	17	17	17	17	17	17	17	17	17	17	17	17	17	17	17	17	17	17	17	17	17	
18	18	18	18	18	18	18	18	18	18	18	18	18	18	18	18	18	18	18	18	18	18	18	18	18	
19	19	19	19	19	19	19	19	19	19	19	19	19	19	19	19	19	19	19	19	19	19	19	19	19	
20	20	20	20	20	20	20	20	20	20	20	20	20	20	20	20	20	20	20	20	20	20	20	20	20	
21	21	21	21	21	21	21	21	21	21	21	21	21	21	21	21	21	21	21	21	21	21	21	21	21	
22	22	22	22	22	22	22	22	22	22	22	22	22	22	22	22	22	22	22	22	22	22	22	22	22	
23	23	23	23	23	23	23	23	23	23	23	23	23	23	23	23	23	23	23	23	23	23	23	23	23	
24	24	24	24	24	24	24	24	24	24	24	24	24	24	24	24	24	24	24	24	24	24	24	24	24	
25	25	25	25	25	25	25	25	25	25	25	25	25	25	25	25	25	25	25	25	25	25	25	25	25	
26	26	26	26	26	26	26	26	26	26	26	26	26	26	26	26	26	26	26	26	26	26	26	26	26	
1	2	3	4	5	6	7	8	9	10	11	12	13	14	15	16	17	18	19	20	21	22	23	24	25	
2	3	4	5	6	7	8	9	10	11	12	13	14	15	16	17	18	19	20	21	22	23	24	25	26	
3	4	5	6	7	8	9	10	11	12	13	14	15	16	17	18	19	20	21	22	23	24	25	26	1	
4	5	6	7	8	9	10	11	12	13	14	15	16	17	18	19	20	21	22	23	24	25	26	1	2	
5	6	7	8	9	10	11	12	13	14	15	16	17	18	19	20	21	22	23	24	25	26	1	2	3	
6	7	8	9	10	11	12	13	14	15	16	17	18	19	20	21	22	23	24	25	26	1	2	3	4	
7	8	9	10	11	12	13	14	15	16	17	18	19	20	21	22	23	24	25	26	1	2	3	4	5	
8	9	10	11	12	13	14	15	16	17	18	19	20	21	22	23	24	25	26	1	2	3	4	5	6	
9	10	11	12	13	14	15	16	17	18	19	20	21	22	23	24	25	26	1	2	3	4	5	6	7	
10	11	12	13	14	15	16	17	18	19	20	21	22	23	24	25	26	1	2	3	4	5	6	7	8	
11	12	13	14	15	16	17	18	19	20	21	22	23	24	25	26	1	2	3	4	5	6	7	8	9	
12	13	14	15	16	17	18	19	20	21	22	23	24	25	26	1	2	3	4	5	6	7	8	9	10	
13	14	15	16	17	18	19	20	21	22	23	24	25	26	1	2	3	4	5	6	7	8	9	10	11	
14	15	16	17	18	19	20	21	22	23	24	25	26	1	2	3	4	5	6	7	8	9	10	11	12	
15	16	17	18	19	20	21	22	23	24	25	26	1	2	3	4	5	6	7	8	9	10	11	12	13	
16	17	18	19	20	21	22	23	24	25	26	1	2	3	4	5	6	7	8	9	10	11	12	13	14	
17	18	19	20	21	22	23	24	25	26	1	2	3	4	5	6	7	8	9	10	11	12	13	14	15	
18	19	20	21	22	23	24	25	26	1	2	3	4	5	6	7	8	9	10	11	12	13	14	15	16	
19	20	21	22	23	24	25	26	1	2	3	4	5	6	7	8	9	10	11	12	13	14	15	16	17	
20	21	22	23	24	25	26	1	2	3	4	5	6	7	8	9	10	11	12	13	14	15	16	17	18	
21	22	23	24	25	26	1	2	3	4	5	6	7	8	9	10	11	12	13	14	15	16	17	18	19	
22	23	24	25	26	1	2	3	4	5	6	7	8	9	10	11	12	13	14	15	16	17	18	19	20	
23	24	25	26	1	2	3	4	5	6	7	8	9	10	11	12	13	14	15	16	17	18	19	20	21	
24	25	26	1	2	3	4	5	6	7	8	9	10	11	12	13	14	15	16	17	18	19	20	21	22	
25	26	1	2	3	4	5	6	7	8	9	10	11	12	13	14	15	16	17	18	19	20	21	22	23	
26	1	2	3	4	5	6	7	8	9	10	11	12	13	14	15	16	17	18	19	20	21	22	23	24	
1	3	2	6	8	4	11	5	14	19	21	23	25	20	22	24	7	9	12	15	10	18	17	16	13	
2	4	3	7	9	5	12	6	15	20	22	24	26	21	23	25	8	10	13	16	11	19	18	17	14	
3	5	4	8	10	6	13	7	16	21	23	25	1	22	24	26	9	11	14	17	12	20	19	18	15	
4	6	5	9	11	7	14	8	17	22	24	26	2	23	25	1	10	12	15	18	13	21	20	19	16	
5	7	6	10	12	8	15	9	18	23	25	1	3	24	26	2	11	13	16	19	14	22	21	20	17	
6	8	7	11	13	9	16	10	19	24	26	2	4	25	1	3	12	14	17	20	15	23	22	21	18	
7	9	8	12	14	10	17	11	20	25	1	3	5	26	2	4	13	15	18	21	16	24	23	22	19	
8	10	9	13	15	11	18	12	21	26	2	4	6	1	3	5	14	16	19	22	17	25	24	23	20	
9	11	10	14	16	12	19	13	22	1	3	5	7	2	4	6	15	17	20	23	18	26	25	24	21	
10	12	11	15	17	13	20	14	23	2	4	6	8	3	5	7	16	18	21	24	19	1	26	25	22	
11	13	12	16	18	14	21	15	24	3	5	7	9	4	6	8	17	19	22	25	20	2	1	26	23	
12	14	13	17	19	15	22	16	25	4	6	8	10	5	7	9	18	20	23	26	21	3	2	1	24	
13	15	14	18	20	16	23	17	26	5	7	9	11	6	8	10	19	21	24	1	22	4	3	2	25	
14	16	15	19	21	17	24	18	1	6	8	10	12	7	9	11	20	22	25	2	23	5	4	3	26	
15	17	16	20	22	18	25	19	2	7	9	11	13	8	10	12	21	23	26	3	24	6	5	4	1	
16	18	17	21	23	19	26	20	3	8	10	12	14	9	11	13	22	24	1	4	25	7	6	5	2	
17	19	18	22	24	20	1	21	4	9	11	13	15	10	12	14	23	25	2	5	26	8	7	6	3	
18	20	19	23	25	21	2	22	5	10	12	14	16	11	13	15	24	26	3	6	1	9	8	7	4	
19	21	20	24	26	22	3	23	6	11	13	15	17	12	14	16	25	1	4	7	2	10	9	8	5	
20	22	21	25	1	23	4	24	7	12	14	16	18	13	15	17	26	2	5	8	3	11	10	9	6	
21	23	22	26	2	24	5	25	8	13	15	17	19	14	16	18	1	3	6	9	4	12	11	10	7	
22	24	23	1	3	25	6	26	9	14	16	18	20	15	17	19	2	4	7	10	5	13	12	11	8	
23	25	24	2	4	26	7	1	10	15	17	19	21	16	18	20	3	5	8	11	6	14	13	12	9	
24	26	25	3	5	1	8	2	11	16	18	20	22	17	19	21	4	6	9	12	7	15	14	13	10	
25	1	26	4	6	2	9	3	12	17	19	21	23	18	20	22	5	7	10	13	8	16	15	14	11	
26	2	1	5	7	3	10	4	13	18	20	22	24	19	21	23	6	8	11	14	9	17	16	15	12	
