1	1	1	2	1	1	3	1	1	3	1	1	4	1	1	6	1	1	6	1	1	7	1	1	8	1	1	1	1	1	2	1	1	3	1	25	1	
1	2	2	25	2	2	7	2	2	1	2	2	6	2	2	1	2	2	2	2	2	4	2	2	4	2	2	2	2	2	3	2	2	2	2	2	2	
2	3	3	2	3	3	5	3	3	7	3	3	25	3	3	7	3	3	5	3	3	2	3	3	5	3	3	4	3	3	1	3	3	1	3	2	3	
2	4	4	1	4	4	3	4	4	4	4	4	7	4	4	4	4	4	25	4	4	5	4	4	3	4	4	5	4	4	4	4	4	2	4	3	4	
3	5	5	1	5	5	2	5	5	3	5	5	1	5	5	8	5	5	3	5	5	6	5	5	25	5	5	3	5	5	5	5	5	4	5	2	5	
2	6	6	3	6	6	2	6	6	2	6	6	4	6	6	5	6	6	7	6	6	3	6	6	6	6	6	25	6	6	3	6	6	5	6	1	6	
4	7	7	1	7	7	1	7	7	2	7	7	2	7	7	6	7	7	4	7	7	25	7	7	4	7	7	6	7	7	6	7	7	1	7	4	7	
5	8	8	4	8	8	2	8	8	25	8	8	2	8	8	2	8	8	6	8	8	4	8	8	7	8	8	4	8	8	7	8	8	6	8	3	8	
3	9	9	26	9	9	4	9	9	2	9	9	3	9	9	2	9	9	1	9	9	7	9	9	5	9	9	7	9	9	4	9	9	7	9	5	9	
6	10	10	3	10	10	5	10	10	1	10	10	2	10	10	3	10	10	1	10	10	1	10	10	8	10	10	5	10	10	25	10	10	4	10	6	10	
7	11	11	5	11	11	1	11	11	4	11	11	26	11	11	2	11	11	2	11	11	1	11	11	2	11	11	1	11	11	5	11	11	8	11	1	11	
4	12	12	6	12	12	6	12	12	26	12	12	1	12	12	4	12	12	1	12	12	2	12	12	2	12	12	2	12	12	2	12	12	5	12	7	12	
8	13	13	4	13	13	25	13	13	5	13	13	3	13	13	5	13	13	3	13	13	1	13	13	3	13	13	2	13	13	1	13	13	3	13	4	13	
5	14	14	7	14	14	4	14	14	6	14	14	5	14	14	3	14	14	4	14	14	3	14	14	2	14	14	3	14	14	1	14	14	2	14	26	14	
1	15	15	8	15	15	5	15	15	6	15	15	3	15	15	4	15	15	8	15	15	6	15	15	7	15	15	26	15	15	6	15	15	8	15	8	15	
25	16	16	2	16	16	8	16	16	4	16	16	6	16	16	3	16	16	3	16	16	8	16	16	6	16	16	7	16	16	6	16	16	6	16	7	16	
8	17	17	8	17	17	3	17	17	8	17	17	1	17	17	7	17	17	2	17	17	3	17	17	1	17	17	6	17	17	26	17	17	6	17	5	17	
6	18	18	7	18	18	8	18	18	3	18	18	8	18	18	5	18	18	26	18	18	2	18	18	4	18	18	8	18	18	7	18	18	8	18	5	18	
6	19	19	5	19	19	7	19	19	8	19	19	4	19	19	25	19	19	4	19	19	6	19	19	3	19	19	4	19	19	8	19	19	7	19	7	19	
8	20	20	5	20	20	6	20	20	7	20	20	8	20	20	6	20	20	8	20	20	4	20	20	6	20	20	3	20	20	4	20	20	25	20	6	20	
7	21	21	7	21	21	6	21	21	5	21	21	7	21	21	26	21	21	6	21	21	8	21	21	5	21	21	6	21	21	3	21	21	4	21	8	21	
26	22	22	6	22	22	7	22	22	5	22	22	5	22	22	8	22	22	8	22	22	7	22	22	1	22	22	5	22	22	7	22	22	1	22	1	22	
4	23	23	8	23	23	26	23	23	7	23	23	5	23	23	1	23	23	7	23	23	8	23	23	8	23	23	8	23	23	5	23	23	7	23	3	23	
3	24	24	4	24	24	8	24	24	6	24	24	7	24	24	1	24	24	5	24	24	26	24	24	1	24	24	1	24	24	8	24	24	5	24	6	24	
7	25	25	3	25	25	4	25	25	8	25	25	6	25	25	8	25	25	5	25	25	5	25	25	7	25	25	8	25	25	2	25	25	26	25	4	25	
5	26	26	6	26	26	1	26	26	1	26	26	8	26	26	7	26	26	7	26	26	5	26	26	26	26	26	7	26	26	8	26	26	3	26	8	26	
9	2	3	10	4	5	11	6	7	11	8	9	12	10	11	14	12	13	14	14	15	15	16	17	16	18	19	9	20	21	10	22	23	11	24	25	25	
9	3	4	25	5	6	15	7	8	9	9	10	14	11	12	9	13	14	10	15	16	12	17	18	12	19	20	10	21	22	11	23	24	10	25	10	26	
10	4	5	10	6	7	13	8	9	15	10	11	25	12	13	15	14	15	13	16	17	10	18	19	13	20	21	12	22	23	9	24	25	9	26	10	1	
10	5	6	9	7	8	11	9	10	12	11	12	15	13	14	12	15	16	25	17	18	13	19	20	11	21	22	13	23	24	12	25	26	10	1	11	2	
11	6	7	9	8	9	10	10	11	11	12	13	9	14	15	16	16	17	11	18	19	14	20	21	25	22	23	11	24	25	13	26	1	12	2	10	3	
10	7	8	11	9	10	10	11	12	10	13	14	12	15	16	13	17	18	15	19	20	11	21	22	14	23	24	25	25	26	11	1	2	13	3	9	4	
12	8	9	9	10	11	9	12	13	10	14	15	10	16	17	14	18	19	12	20	21	25	22	23	12	24	25	14	26	1	14	2	3	9	4	12	5	
13	9	10	12	11	12	10	13	14	25	15	16	10	17	18	10	19	20	14	21	22	12	23	24	15	25	26	12	1	2	15	3	4	14	5	11	6	
11	10	11	26	12	13	12	14	15	10	16	17	11	18	19	10	20	21	9	22	23	15	24	25	13	26	1	15	2	3	12	4	5	15	6	13	7	
14	11	12	11	13	14	13	15	16	9	17	18	10	19	20	11	21	22	9	23	24	9	25	26	16	1	2	13	3	4	25	5	6	12	7	14	8	
15	12	13	13	14	15	9	16	17	12	18	19	26	20	21	10	22	23	10	24	25	9	26	1	10	2	3	9	4	5	13	6	7	16	8	9	9	
12	13	14	14	15	16	14	17	18	26	19	20	9	21	22	12	23	24	9	25	26	10	1	2	10	3	4	10	5	6	10	7	8	13	9	15	10	
16	14	15	12	16	17	25	18	19	13	20	21	11	22	23	13	24	25	11	26	1	9	2	3	11	4	5	10	6	7	9	8	9	11	10	12	11	
13	15	16	15	17	18	12	19	20	14	21	22	13	23	24	11	25	26	12	1	2	11	3	4	10	5	6	11	7	8	9	9	10	10	11	26	12	
9	16	17	16	18	19	13	20	21	14	22	23	11	24	25	12	26	1	16	2	3	14	4	5	15	6	7	26	8	9	14	10	11	16	12	16	13	
25	17	18	10	19	20	16	21	22	12	23	24	14	25	26	11	1	2	11	3	4	16	5	6	14	7	8	15	9	10	14	11	12	14	13	15	14	
16	18	19	16	20	21	11	22	23	16	24	25	9	26	1	15	2	3	10	4	5	11	6	7	9	8	9	14	10	11	26	12	13	14	14	13	15	
14	19	20	15	21	22	16	23	24	11	25	26	16	1	2	13	3	4	26	5	6	10	7	8	12	9	10	16	11	12	15	13	14	16	15	13	16	
14	20	21	13	22	23	15	24	25	16	26	1	12	2	3	25	4	5	12	6	7	14	8	9	11	10	11	12	12	13	16	14	15	15	16	15	17	
16	21	22	13	23	24	14	25	26	15	1	2	16	3	4	14	5	6	16	7	8	12	9	10	14	11	12	11	13	14	12	15	16	25	17	14	18	
15	22	23	15	24	25	14	26	1	13	2	3	15	4	5	26	6	7	14	8	9	16	10	11	13	12	13	14	14	15	11	16	17	12	18	16	19	
26	23	24	14	25	26	15	1	2	13	3	4	13	5	6	16	7	8	16	9	10	15	11	12	9	13	14	13	15	16	15	17	18	9	19	9	20	
12	24	25	16	26	1	26	2	3	15	4	5	13	6	7	9	8	9	15	10	11	16	12	13	16	14	15	16	16	17	13	18	19	15	20	11	21	
11	25	26	12	1	2	16	3	4	14	5	6	15	7	8	9	9	10	13	11	12	26	13	14	9	15	16	9	17	18	16	19	20	13	21	14	22	
15	26	1	11	2	3	12	4	5	16	6	7	14	8	9	16	10	11	13	12	13	13	14	15	15	16	17	16	18	19	10	20	21	26	22	12	23	
13	1	2	14	3	4	9	5	6	9	7	8	16	9	10	15	11	12	15	13	14	13	15	16	26	17	18	15	19	20	16	21	22	11	23	16	24	
17	3	2	18	6	8	19	4	11	19	5	14	20	19	21	22	23	25	22	20	22	23	24	7	24	9	12	17	15	10	18	18	17	19	16	25	13	
17	4	3	25	7	9	23	5	12	17	6	15	22	20	22	17	24	26	18	21	23	20	25	8	20	10	13	18	16	11	19	19	18	18	17	18	14	
18	5	4	18	8	10	21	6	13	23	7	16	25	21	23	23	25	1	21	22	24	18	26	9	21	11	14	20	17	12	17	20	19	17	18	18	15	
18	6	5	17	9	11	19	7	14	20	8	17	23	22	24	20	26	2	25	23	25	21	1	10	19	12	15	21	18	13	20	21	20	18	19	19	16	
19	7	6	17	10	12	18	8	15	19	9	18	17	23	25	24	1	3	19	24	26	22	2	11	25	13	16	19	19	14	21	22	21	20	20	18	17	
18	8	7	19	11	13	18	9	16	18	10	19	20	24	26	21	2	4	23	25	1	19	3	12	22	14	17	25	20	15	19	23	22	21	21	17	18	
20	9	8	17	12	14	17	10	17	18	11	20	18	25	1	22	3	5	20	26	2	25	4	13	20	15	18	22	21	16	22	24	23	17	22	20	19	
21	10	9	20	13	15	18	11	18	25	12	21	18	26	2	18	4	6	22	1	3	20	5	14	23	16	19	20	22	17	23	25	24	22	23	19	20	
19	11	10	26	14	16	20	12	19	18	13	22	19	1	3	18	5	7	17	2	4	23	6	15	21	17	20	23	23	18	20	26	25	23	24	21	21	
22	12	11	19	15	17	21	13	20	17	14	23	18	2	4	19	6	8	17	3	5	17	7	16	24	18	21	21	24	19	25	1	26	20	25	22	22	
23	13	12	21	16	18	17	14	21	20	15	24	26	3	5	18	7	9	18	4	6	17	8	17	18	19	22	17	25	20	21	2	1	24	26	17	23	
20	14	13	22	17	19	22	15	22	26	16	25	17	4	6	20	8	10	17	5	7	18	9	18	18	20	23	18	26	21	18	3	2	21	1	23	24	
24	15	14	20	18	20	25	16	23	21	17	26	19	5	7	21	9	11	19	6	8	17	10	19	19	21	24	18	1	22	17	4	3	19	2	20	25	
21	16	15	23	19	21	20	17	24	22	18	1	21	6	8	19	10	12	20	7	9	19	11	20	18	22	25	19	2	23	17	5	4	18	3	26	26	
17	17	16	24	20	22	21	18	25	22	19	2	19	7	9	20	11	13	24	8	10	22	12	21	23	23	26	26	3	24	22	6	5	24	4	24	1	
25	18	17	18	21	23	24	19	26	20	20	3	22	8	10	19	12	14	19	9	11	24	13	22	22	24	1	23	4	25	22	7	6	22	5	23	2	
24	19	18	24	22	24	19	20	1	24	21	4	17	9	11	23	13	15	18	10	12	19	14	23	17	25	2	22	5	26	26	8	7	22	6	21	3	
22	20	19	23	23	25	24	21	2	19	22	5	24	10	12	21	14	16	26	11	13	18	15	24	20	26	3	24	6	1	23	9	8	24	7	21	4	
22	21	20	21	24	26	23	22	3	24	23	6	20	11	13	25	15	17	20	12	14	22	16	25	19	1	4	20	7	2	24	10	9	23	8	23	5	
24	22	21	21	25	1	22	23	4	23	24	7	24	12	14	22	16	18	24	13	15	20	17	26	22	2	5	19	8	3	20	11	10	25	9	22	6	
23	23	22	23	26	2	22	24	5	21	25	8	23	13	15	26	17	19	22	14	16	24	18	1	21	3	6	22	9	4	19	12	11	20	10	24	7	
26	24	23	22	1	3	23	25	6	21	26	9	21	14	16	24	18	20	24	15	17	23	19	2	17	4	7	21	10	5	23	13	12	17	11	17	8	
20	25	24	24	2	4	26	26	7	23	1	10	21	15	17	17	19	21	23	16	18	24	20	3	24	5	8	24	11	6	21	14	13	23	12	19	9	
19	26	25	20	3	5	24	1	8	22	2	11	23	16	18	17	20	22	21	17	19	26	21	4	17	6	9	17	12	7	24	15	14	21	13	22	10	
23	1	26	19	4	6	20	2	9	24	3	12	22	17	19	24	21	23	21	18	20	21	22	5	23	7	10	24	13	8	18	16	15	26	14	20	11	
21	2	1	22	5	7	17	3	10	17	4	13	24	18	20	23	22	24	23	19	21	21	23	6	26	8	11	23	14	9	24	17	16	19	15	24	12	
