1	1	1	1	3	1	1	5	1	1	7	1	1	9	1	1	1	1	1	3	1	1	15	9	11	13	11	15	17	13	19	21	17	23	25	11	27	29	17	1	3
2	2	2	2	4	2	2	6	2	2	8	2	2	10	2	2	2	2	2	4	2	2	16	10	12	14	12	16	18	14	20	22	18	24	26	12	28	30	18	2	4
1	3	3	3	9	3	3	7	3	3	3	3	3	5	3	3	3	3	3	1	3	3	21	3	7	11	29	16	19	27	23	27	23	1	5	25	9	13	23	17	21
2	4	4	4	10	4	4	8	4	4	4	4	4	6	4	4	4	4	4	2	4	4	22	4	8	12	30	15	20	28	24	28	24	2	6	26	10	14	24	18	22
3	5	5	5	3	5	5	9	5	5	1	5	5	3	5	5	5	5	5	2	5	5	13	5	7	9	13	11	13	19	15	17	11	19	21	13	23	25	15	27	29
4	6	6	6	4	6	6	10	6	6	2	6	6	4	6	6	6	6	6	1	6	6	14	6	8	10	14	12	14	20	16	18	12	20	22	14	24	26	16	28	30
3	7	7	7	1	7	7	5	7	7	9	7	7	7	7	7	4	7	7	5	7	7	11	3	5	7	19	9	11	17	13	15	13	17	19	15	21	23	13	25	27
4	8	8	8	2	8	8	6	8	8	10	8	8	8	8	8	3	8	8	6	8	8	12	4	6	8	20	10	12	18	14	16	14	18	20	16	22	24	14	26	28
5	9	9	9	2	9	9	3	9	9	7	9	9	1	9	9	7	9	9	2	9	9	1	3	3	3	9	3	3	7	3	3	3	3	3	5	3	3	3	3	4
6	10	10	10	1	10	10	4	10	10	8	10	10	2	10	10	8	10	10	1	10	10	2	4	4	4	10	4	4	8	4	4	4	4	4	6	4	4	4	4	3
4	11	11	11	5	11	11	3	11	11	4	11	11	10	11	11	9	11	11	7	11	11	9	21	21	21	5	21	21	5	21	21	1	21	21	6	21	21	7	21	21
3	12	12	12	6	12	12	4	12	12	3	12	12	9	12	12	10	12	12	8	12	12	10	22	22	22	6	22	22	6	22	22	2	22	22	5	22	22	8	22	22
7	13	13	13	2	13	13	1	13	13	4	13	13	3	13	13	1	13	13	9	13	13	10	15	15	15	7	16	15	3	16	15	5	15	15	3	15	15	4	15	15
8	14	14	14	1	14	14	2	14	14	3	14	14	4	14	14	2	14	14	10	14	14	9	16	16	16	8	15	16	4	15	16	6	16	16	4	16	16	3	16	16
9	15	15	15	7	15	15	4	15	15	5	15	15	4	15	15	4	15	15	3	15	15	12	17	19	21	17	23	25	11	27	29	11	1	3	12	5	7	19	9	11
10	16	16	16	8	16	16	3	16	16	6	16	16	3	16	16	3	16	16	4	16	16	11	18	20	22	18	24	26	12	28	30	12	2	4	11	6	8	20	10	12
2	17	17	17	8	17	17	2	17	17	1	17	17	1	17	17	9	17	17	5	17	17	27	25	29	4	29	7	12	29	16	19	25	23	27	29	1	5	27	9	13
1	18	18	18	7	18	18	1	18	18	2	18	18	2	18	18	10	18	18	6	18	18	28	26	30	3	30	8	11	30	15	20	26	24	28	30	2	6	28	10	14
5	19	19	19	4	19	19	8	19	19	6	19	19	8	19	19	10	19	19	9	19	19	15	19	21	23	13	25	27	17	29	1	15	4	5	17	7	9	19	11	13
6	20	20	20	3	20	20	7	20	20	5	20	20	7	20	20	9	20	20	10	20	20	16	20	22	24	14	26	28	18	30	2	16	3	6	18	8	10	20	12	14
9	21	21	21	6	21	21	6	21	21	2	21	21	6	21	21	7	21	21	9	21	21	21	1	5	9	23	13	17	25	21	25	27	29	4	29	8	11	21	16	19
10	22	22	22	5	22	22	5	22	22	1	22	22	5	22	22	8	22	22	10	22	22	22	2	6	10	24	14	18	26	22	26	28	30	3	30	7	12	22	15	20
9	23	23	23	10	23	23	2	23	23	8	23	23	8	23	23	5	23	23	8	23	23	5	9	9	10	1	9	9	3	9	9	7	9	9	1	9	10	7	10	9
10	24	24	24	9	24	24	1	24	24	7	24	24	7	24	24	6	24	24	7	24	24	6	10	10	9	2	10	10	4	10	10	8	10	10	2	10	9	8	9	10
8	25	25	25	10	25	25	10	25	25	6	25	25	10	25	25	8	25	25	6	25	25	7	29	29	29	6	29	29	7	30	29	9	29	29	2	29	29	5	29	29
7	26	26	26	9	26	26	9	26	26	5	26	26	9	26	26	7	26	26	5	26	26	8	30	30	30	5	30	30	8	29	30	10	30	30	1	30	30	6	30	30
6	27	27	27	8	27	27	10	27	27	9	27	27	6	27	27	2	27	27	8	27	27	25	27	1	5	27	10	13	30	17	21	29	25	30	25	3	7	22	11	15
5	28	28	28	7	28	28	9	28	28	10	28	28	5	28	28	1	28	28	7	28	28	26	28	2	6	28	9	14	29	18	22	30	26	29	26	4	8	21	12	16
8	29	29	29	6	29	29	8	29	29	10	29	29	2	29	29	6	29	29	3	29	29	19	15	17	19	18	21	23	14	25	27	16	30	1	13	3	5	13	7	9
7	30	30	30	5	30	30	7	30	30	9	30	30	1	30	30	5	30	30	4	30	30	20	16	18	20	17	22	24	13	26	28	15	29	2	14	4	6	14	8	10
11	1	4	5	13	8	9	15	12	13	17	15	18	19	19	21	11	23	25	13	28	29	17	13	16	17	12	19	21	12	23	26	13	27	30	14	1	4	11	5	7
12	2	3	6	14	7	10	16	11	14	18	16	17	20	20	22	12	24	26	14	27	30	18	14	15	18	11	20	22	11	24	25	14	28	29	13	2	3	12	6	8
11	3	5	7	19	10	12	17	14	16	13	18	19	15	22	24	13	25	28	11	29	1	12	1	3	5	14	7	9	15	11	13	18	15	17	19	19	21	12	23	25
12	4	6	8	20	9	11	18	13	15	14	17	20	16	21	23	14	26	27	12	30	2	11	2	4	6	13	8	10	16	12	14	17	16	18	20	20	22	11	24	26
13	6	7	9	14	11	13	19	15	17	11	19	21	13	23	26	15	28	29	11	1	4	28	13	18	22	21	26	29	21	4	7	23	11	16	23	20	24	22	27	1
14	5	8	10	13	12	14	20	16	18	12	20	22	14	24	25	16	27	30	12	2	3	27	14	17	21	22	25	30	22	3	8	24	12	15	24	19	23	21	28	2
14	7	9	12	11	14	15	16	17	19	19	22	24	17	26	28	14	30	1	15	4	6	17	26	27	29	20	1	4	19	5	7	16	9	11	19	13	15	18	17	19
13	8	10	11	12	13	16	15	18	20	20	21	23	18	25	27	13	29	2	16	3	5	18	25	28	30	19	2	3	20	6	8	15	10	12	20	14	16	17	18	20
15	9	11	13	12	15	17	13	20	22	18	24	25	11	27	30	17	1	3	12	5	7	19	23	25	27	20	30	1	12	4	5	18	7	9	17	11	14	16	16	17
16	10	12	14	11	16	18	14	19	21	17	23	26	12	28	29	18	2	4	11	6	8	20	24	26	28	19	29	2	11	3	6	17	8	10	18	12	13	15	15	18
14	11	14	15	15	17	19	14	22	23	13	26	28	19	29	1	19	3	5	17	8	10	25	10	13	18	21	22	26	23	30	3	27	7	12	21	15	19	28	24	27
13	12	13	16	16	18	20	13	21	24	14	25	27	20	30	2	20	4	6	18	7	9	26	9	14	17	22	21	25	24	29	4	28	8	11	22	16	20	27	23	28
17	14	15	17	12	19	22	11	23	25	13	27	30	14	2	3	12	5	8	19	9	12	3	7	8	7	2	8	7	5	7	7	10	8	7	7	8	8	4	7	7
18	13	16	18	11	20	21	12	24	26	14	28	29	13	1	4	11	6	7	20	10	11	4	8	7	8	1	7	8	6	8	8	9	7	8	8	7	7	3	8	8
19	15	17	19	17	22	24	14	25	28	15	30	1	14	3	5	14	7	9	13	11	13	16	27	30	1	18	4	5	20	8	9	19	11	13	16	16	17	12	19	22
20	16	18	20	18	21	23	13	26	27	16	29	2	13	4	6	13	8	10	14	12	14	15	28	29	2	17	3	6	19	7	10	20	12	14	15	15	18	11	20	21
11	17	19	21	17	23	26	11	27	29	12	1	3	12	6	7	20	9	11	15	14	15	2	18	18	18	7	17	18	1	18	17	2	18	18	2	17	18	9	18	17
12	18	20	22	18	24	25	12	28	30	11	2	4	11	5	8	19	10	12	16	13	16	1	17	17	17	8	18	17	2	17	18	1	17	17	1	18	17	10	17	18
16	19	22	23	14	25	27	17	29	2	16	3	6	17	7	9	20	11	13	20	16	17	29	22	25	30	25	4	7	25	12	16	21	19	23	26	27	1	28	5	10
15	20	21	24	13	26	28	18	30	1	15	4	5	18	8	10	19	12	14	19	15	18	30	21	26	29	26	3	8	26	11	15	22	20	24	25	28	2	27	6	9
19	21	23	25	15	27	29	16	2	3	12	5	8	16	10	11	18	13	15	20	17	19	8	13	14	13	2	14	14	2	13	13	3	13	14	4	14	14	1	13	14
20	22	24	26	16	28	30	15	1	4	11	6	7	15	9	12	17	14	16	19	18	20	7	14	13	14	1	13	13	1	14	14	4	14	13	3	13	13	2	14	13
20	23	26	27	20	29	1	12	3	5	18	7	9	18	11	13	16	15	17	17	19	22	20	22	23	25	15	27	29	15	1	4	12	5	7	16	10	11	18	13	16
19	24	25	28	19	30	2	11	4	6	17	8	10	17	12	14	15	16	18	18	20	21	19	21	24	26	16	28	30	16	2	3	11	6	8	15	9	12	17	14	15
17	26	28	29	20	1	4	20	5	7	16	9	11	20	13	16	18	18	19	16	22	24	17	29	1	4	16	5	8	18	9	11	19	14	16	12	17	19	16	22	23
18	25	27	30	19	2	3	19	6	8	15	10	12	19	14	15	17	17	20	15	21	23	18	30	2	3	15	6	7	17	10	12	20	13	15	11	18	20	15	21	24
16	27	29	1	18	4	6	20	8	9	20	11	14	16	15	17	12	19	22	18	23	25	21	18	22	25	28	30	4	21	8	12	22	15	19	21	23	27	29	2	5
15	28	30	2	17	3	5	19	7	10	19	12	13	15	16	18	11	20	21	17	24	26	22	17	21	26	27	29	3	22	7	11	21	16	20	22	24	28	30	1	6
18	29	1	3	16	6	7	18	10	11	20	13	15	12	17	19	16	21	23	14	25	28	8	26	25	26	9	26	26	9	26	26	6	25	26	9	25	25	8	26	25
17	30	2	4	15	5	8	17	9	12	19	14	16	11	18	20	15	22	24	13	26	27	7	25	26	25	10	25	25	10	25	25	5	26	25	10	26	26	7	25	26
21	1	6	9	23	14	17	25	22	26	27	30	4	29	7	12	21	16	20	23	24	28	2	1	1	2	3	2	2	5	1	1	7	1	1	10	2	2	1	2	2
22	2	5	10	24	13	18	26	21	25	28	29	3	30	8	11	22	15	19	24	23	27	1	2	2	1	4	1	1	6	2	2	8	2	2	9	1	1	2	1	1
22	3	7	12	29	16	20	27	23	28	23	2	6	25	10	14	23	18	22	21	26	29	25	19	23	27	23	2	6	28	10	14	25	18	21	27	25	29	30	3	8
21	4	8	11	30	15	19	28	24	27	24	1	5	26	9	13	24	17	21	22	25	30	26	20	24	28	24	1	5	27	9	13	26	17	22	28	26	30	29	4	7
23	6	9	13	23	17	22	29	26	29	21	3	8	23	11	16	25	20	24	22	28	1	23	5	9	14	23	18	22	30	26	29	22	4	8	24	12	16	25	19	24
24	5	10	14	24	18	21	30	25	30	22	4	7	24	12	15	26	19	23	21	27	2	24	6	10	13	24	17	21	29	25	30	21	3	7	23	11	15	26	20	23
24	8	11	16	21	20	24	26	28	2	29	6	10	27	13	18	24	22	25	25	30	4	3	5	5	5	3	6	6	9	5	6	2	5	5	4	5	5	6	6	5
23	7	12	15	22	19	23	25	27	1	30	5	9	28	14	17	23	21	26	26	29	3	4	6	6	6	4	5	5	10	6	5	1	6	6	3	6	6	5	5	6
25	9	14	17	21	22	26	23	29	3	27	7	12	21	15	19	27	24	28	22	2	6	28	29	4	8	26	11	15	28	19	23	29	27	2	22	6	10	26	14	18
26	10	13	18	22	21	25	24	30	4	28	8	11	22	16	20	28	23	27	21	1	5	27	30	3	7	25	12	16	27	20	24	30	28	1	21	5	9	25	13	17
24	12	16	20	25	24	28	24	2	6	24	9	14	29	17	22	29	25	30	27	4	8	5	27	28	27	7	27	27	10	27	27	10	27	28	6	27	28	2	27	27
23	11	15	19	26	23	27	23	1	5	23	10	13	30	18	21	30	26	29	28	3	7	6	28	27	28	8	28	28	9	28	28	9	28	27	5	28	27	1	28	28
27	14	17	22	22	26	30	21	4	8	24	11	15	24	19	24	21	28	1	29	6	10	23	8	12	15	22	20	23	25	28	2	29	5	9	27	14	18	23	22	26
28	13	18	21	21	25	29	22	3	7	23	12	16	23	20	23	22	27	2	30	5	9	24	7	11	16	21	19	24	26	27	1	30	6	10	28	13	17	24	21	25
29	16	20	24	27	27	1	24	6	10	25	14	18	24	22	26	24	30	3	24	8	12	29	15	19	23	28	28	2	24	6	9	25	14	18	24	21	25	24	29	4
30	15	19	23	28	28	2	23	5	9	26	13	17	23	21	25	23	29	4	23	7	11	30	16	20	24	27	27	1	23	5	10	26	13	17	23	22	26	23	30	3
22	18	22	26	27	29	4	21	8	12	21	16	19	22	23	28	30	1	6	26	9	13	30	24	28	2	29	6	10	22	13	17	27	21	26	28	29	4	26	8	11
21	17	21	25	28	30	3	22	7	11	22	15	20	21	24	27	29	2	5	25	10	14	29	23	27	1	30	5	9	21	14	18	28	22	25	27	30	3	25	7	12
26	19	24	27	24	1	6	27	10	14	26	18	21	27	26	30	30	4	8	30	11	16	13	8	9	11	12	14	15	16	18	19	20	22	24	18	26	28	13	29	2
25	20	23	28	23	2	5	28	9	13	25	17	22	28	25	29	29	3	7	29	12	15	14	7	10	12	11	13	16	15	17	20	19	21	23	17	25	27	14	30	1
29	22	26	30	26	4	7	26	12	16	22	20	24	25	27	1	27	5	9	30	14	17	14	11	14	15	16	18	19	14	21	24	14	26	28	20	29	2	19	4	6
30	21	25	29	25	3	8	25	11	15	21	19	23	26	28	2	28	6	10	29	13	18	13	12	13	16	15	17	20	13	22	23	13	25	27	19	30	1	20	3	5
30	23	28	2	29	6	9	22	14	18	27	22	25	28	30	3	26	7	11	27	16	20	10	24	24	23	10	23	23	2	24	24	8	23	24	8	23	24	6	24	24
29	24	27	1	30	5	10	21	13	17	28	21	26	27	29	4	25	8	12	28	15	19	9	23	23	24	9	24	24	1	23	23	7	24	23	7	24	23	5	23	23
28	26	30	4	30	8	12	29	16	20	26	24	28	30	2	5	28	10	13	26	17	22	5	19	19	19	3	20	19	7	19	20	6	20	19	8	20	20	9	20	19
27	25	29	3	29	7	11	30	15	19	25	23	27	29	1	6	27	9	14	25	18	21	6	20	20	20	4	19	20	8	20	19	5	19	20	7	19	19	10	19	20
26	27	2	6	28	10	13	30	18	22	30	26	30	26	3	7	22	11	16	28	20	24	23	11	16	19	26	23	27	24	1	6	24	9	14	29	18	22	30	26	29
25	28	1	5	27	9	14	29	17	21	29	25	29	25	4	8	21	12	15	27	19	23	24	12	15	20	25	24	28	23	2	5	23	10	13	30	17	21	29	25	30
28	29	4	7	26	11	15	28	20	24	30	28	1	22	6	10	26	14	18	24	22	26	3	12	12	11	6	11	12	3	12	12	3	12	12	10	12	11	10	11	12
27	30	3	8	25	12	16	27	19	23	29	27	2	21	5	9	25	13	17	23	21	25	4	11	11	12	5	12	11	4	11	11	4	11	11	9	11	12	9	12	11
