1	2	3	4	nuke	6	7	8	1	
2	3	4	5	6	7	8	9	
3	nuke	5	6	7	8	9	10	1	
4	5	6	7	8	nuke	10	6	1	
5	6	7	8	9	10	2	1	
6	7	nuke	9	10	9	1	2	1	
7	8	9	10	5	1	nuke	3	2	
8	9	10	1	1	2	3	4	
9	10	8	nuke	2	3	4	5	2	
10	4	1	2	3	4	5	nuke	2	
1	3	5	7	9	9	nuke	4	3	
2	nuke	6	8	10	1	3	5	3	
3	5	7	9	5	2	4	nuke	3	
4	6	nuke	10	1	3	5	7	3	
5	7	9	1	2	4	6	8	
6	8	10	nuke	3	5	7	9	4	
7	9	8	2	4	6	8	10	
8	10	1	3	nuke	7	9	6	4	
9	4	2	4	6	8	10	1	
10	1	3	5	7	nuke	2	2	4	
1	nuke	7	10	2	5	8	6	5	
2	5	nuke	1	3	6	9	1	5	
3	6	9	nuke	4	7	10	2	5	
4	7	10	2	nuke	8	2	3	5	
5	8	8	3	6	nuke	1	4	6	
6	9	1	4	7	10	nuke	5	6	
7	10	2	5	8	9	3	nuke	6	
8	4	3	6	9	1	4	7	
9	1	4	7	10	2	5	8	
10	2	5	8	5	3	6	9	
1	5	9	2	6	10	3	7	
2	6	10	3	7	9	4	8	
3	7	8	4	8	1	5	9	
4	8	1	5	9	2	6	10	
5	9	2	6	10	3	7	6	
6	10	3	7	5	4	8	1	
7	4	4	8	1	5	9	2	
8	1	5	9	2	6	10	3	
9	2	6	10	3	7	2	4	
10	3	7	1	4	8	1	5	
nuke	1	2	3	4	5	6	7	2	
nuke	2	4	6	8	10	1	3	4	
nuke	3	6	9	1	4	7	10	6	
