1	2	3	4	5	4	11	11	
2	3	4	6	11	7	8	9	
3	4	6	5	7	8	9	10	
4	5	11	7	8	11	10	nuke	3	
5	6	7	8	9	10	nuke	1	3	
6	7	8	9	10	nuke	1	2	3	
7	8	9	11	nuke	1	6	6	3	
8	9	10	10	6	2	3	4	
9	10	5	1	2	3	4	5	
10	11	1	2	3	6	5	3	
11	1	2	3	4	5	2	7	
1	3	6	7	9	9	6	4	
2	4	11	8	10	1	3	5	
3	5	7	9	1	2	4	3	
4	6	8	11	6	3	5	7	
5	7	9	nuke	2	6	2	11	1	
6	8	10	1	3	5	11	9	
7	9	nuke	2	4	4	8	10	1	
8	10	1	3	5	7	9	8	
9	nuke	2	4	11	8	10	1	1	
10	1	3	6	7	11	7	2	
11	2	4	5	8	10	1	6	
1	4	7	11	2	5	8	8	
2	5	8	10	3	4	9	1	
3	nuke	9	1	4	7	10	2	2	
4	7	10	2	5	8	7	6	
5	8	5	3	11	11	1	4	
6	9	1	4	7	10	6	5	
7	10	2	6	8	9	3	3	
8	11	3	nuke	9	1	4	7	2	
9	1	4	7	10	2	5	11	
10	2	6	8	1	3	2	9	
11	3	nuke	9	6	6	11	10	2	
1	5	9	2	nuke	10	3	7	4	
2	6	10	3	7	9	4	11	
3	7	5	4	8	1	5	9	
4	8	1	6	9	2	nuke	10	4	
5	9	2	5	10	3	11	8	
6	10	3	7	1	6	8	1	
7	11	4	8	6	5	9	2	
8	1	6	9	2	nuke	10	6	4	
9	2	11	11	3	7	7	4	
10	3	7	10	4	8	1	5	
11	4	8	1	5	11	6	nuke	4	
nuke	11	5	10	1	9	7	8	1	
nuke	6	11	5	11	4	2	3	2	
