1	2	3	4	5	6	7	8	
2	3	4	5	6	nuke	8	9	1	
3	nuke	5	6	7	8	9	10	1	
4	5	6	7	8	9	10	11	
5	6	7	8	9	10	nuke	12	1	
6	7	nuke	9	10	11	12	2	1	
7	8	9	10	11	12	11	1	
8	9	10	11	12	7	1	nuke	2	
9	10	11	nuke	3	1	2	3	2	
10	11	12	12	1	2	3	4	
11	12	8	1	2	3	4	5	
12	4	1	2	nuke	4	5	6	2	
1	3	5	7	9	11	11	nuke	3	
2	nuke	6	8	10	12	1	3	3	
3	5	7	9	11	7	2	4	
4	6	nuke	10	12	1	3	5	3	
5	7	9	11	3	2	4	6	
6	8	10	nuke	1	3	5	7	3	
7	9	11	12	2	4	6	8	
8	10	12	1	nuke	5	7	9	4	
9	11	8	2	4	6	8	10	
10	12	1	3	5	nuke	9	11	4	
11	4	2	4	6	8	10	12	
12	1	3	5	7	9	nuke	2	4	
1	nuke	7	10	3	3	6	9	5	
2	5	nuke	11	1	4	7	10	5	
3	6	9	nuke	2	5	8	11	5	
4	7	10	12	nuke	6	9	12	5	
5	8	11	1	4	nuke	10	2	6	
6	9	12	2	5	8	nuke	1	6	
7	10	8	3	6	9	12	nuke	6	
8	11	1	4	7	10	11	3	
9	12	2	5	8	11	1	4	
10	4	3	6	9	12	2	5	
11	1	4	7	10	7	3	6	
12	2	5	8	11	1	4	7	
1	5	9	12	4	8	12	3	
2	6	10	1	5	9	11	4	
3	7	11	2	6	10	1	5	
4	8	12	3	7	11	2	6	
5	9	8	4	8	12	3	7	
6	10	1	5	9	7	4	8	
7	11	2	6	10	1	5	9	
8	12	3	7	11	2	6	10	
9	4	4	8	12	3	7	11	
10	1	5	9	3	4	8	12	
11	2	6	10	1	5	9	2	
12	3	7	11	2	6	10	1	
nuke	1	2	3	4	5	6	7	2	
nuke	2	4	6	8	10	12	1	4	
nuke	3	6	9	12	2	5	8	6	
