1	4	10	7	7	9	5	2	
2	5	11	8	1	12	6	3	
3	6	6	9	2	11	7	4	
4	7	1	10	3	10	12	5	
5	8	2	12	4	1	9	6	
6	9	3	11	5	2	10	7	
7	10	4	1	6	3	11	8	
8	11	5	2	12	4	8	12	
9	12	12	3	8	5	1	10	
10	1	7	4	9	6	2	11	
11	2	8	5	10	7	3	9	
12	3	9	6	11	8	4	1	
1	5	6	10	4	2	11	12	
2	6	1	12	5	3	nuke	10	1	
3	7	2	11	6	4	1	11	
4	8	3	1	12	5	2	nuke	1	
5	9	4	2	8	6	3	1	
6	10	5	3	9	7	4	2	
7	11	12	4	10	8	5	3	
8	12	7	5	11	9	6	4	
9	1	8	6	nuke	12	7	5	1	
10	2	9	7	1	11	12	6	
11	3	10	8	2	nuke	9	7	1	
12	4	11	9	3	1	10	8	
1	6	11	nuke	8	7	2	5	2	
2	7	nuke	1	9	8	3	6	2	
3	8	1	2	10	9	4	7	
4	9	2	3	11	12	5	8	
5	10	3	4	7	11	6	12	
6	11	4	5	1	10	7	10	
7	nuke	5	6	2	1	12	11	2	
8	1	12	7	3	2	9	9	
9	2	7	8	4	3	10	1	
10	3	8	9	5	4	11	2	
11	4	9	10	6	5	8	3	
12	5	10	12	12	6	1	4	
1	3	4	12	9	12	12	9	
2	4	5	11	10	11	9	1	
3	5	12	1	11	10	10	2	
4	6	7	2	7	1	11	3	
5	7	8	3	1	2	8	4	
6	8	9	4	2	3	1	5	
7	9	10	5	3	4	2	6	
8	10	11	6	4	5	3	7	
9	11	6	7	5	6	4	8	
10	12	1	8	6	7	5	12	
11	1	2	9	12	8	6	10	
12	2	3	10	8	9	7	11	
nuke	12	6	11	7	10	8	9	2	
