1	2	3	4	5	6	7	8	
2	3	4	5	6	7	8	9	
3	4	5	6	7	8	13	13	
4	5	6	7	13	9	10	11	
5	6	13	8	9	10	11	12	
6	7	8	9	10	13	12	10	
7	8	9	10	11	12	9	1	
8	9	10	11	12	11	1	2	
9	10	11	13	8	1	2	3	
10	11	12	12	1	2	3	4	
11	12	7	1	2	3	4	5	
12	13	1	2	3	4	5	6	
13	1	2	3	4	5	6	7	
1	3	5	7	9	13	nuke	2	1	
2	4	6	8	10	12	1	3	
3	5	13	9	11	nuke	2	4	1	
4	6	8	10	12	1	3	5	
5	7	9	11	nuke	2	4	6	1	
6	8	10	13	1	3	5	7	
7	9	11	12	2	4	6	8	
8	10	12	1	3	5	7	9	
9	11	7	2	4	6	8	13	
10	12	1	3	5	7	13	11	
11	13	2	4	6	8	10	12	
12	1	3	5	7	9	11	nuke	1	
13	2	4	6	13	10	12	1	
1	4	13	10	8	3	6	9	
2	5	8	11	1	4	7	13	
3	6	9	13	2	5	8	11	
4	7	10	nuke	3	6	13	12	2	
5	8	11	1	4	7	10	10	
6	9	12	2	5	8	11	1	
7	10	nuke	3	6	9	12	2	2	
8	11	1	4	7	10	9	3	
9	12	2	5	13	13	1	4	
10	nuke	3	6	9	12	2	5	2	
11	1	4	7	10	11	3	6	
12	2	5	8	11	1	4	7	
13	3	6	9	12	2	5	8	
1	5	9	12	4	8	12	3	
2	6	10	1	5	9	9	4	
3	7	11	2	6	10	1	5	
4	8	12	3	7	13	2	6	
5	9	7	4	13	12	3	7	
6	10	1	5	9	11	4	8	
7	11	2	6	10	1	5	9	
8	12	3	7	11	2	6	13	
9	13	4	8	12	3	7	11	
10	1	5	9	8	4	8	12	
11	2	6	10	1	5	13	10	
12	3	13	11	2	6	10	1	
13	4	8	13	3	7	11	2	
nuke	13	7	12	8	11	9	10	2	
