1	2	14	5	12	6	13	14	
2	3	9	6	13	7	nuke	12	3	
3	4	4	7	nuke	10	1	13	3	
4	5	11	8	1	9	2	nuke	3	
5	6	12	10	2	8	3	1	
6	7	13	9	3	11	4	2	
7	8	8	11	4	14	5	3	
8	9	1	12	10	13	10	4	
9	10	2	14	6	nuke	7	5	3	
10	11	3	13	7	1	8	6	
11	12	10	1	8	2	9	10	
12	13	5	2	14	3	14	8	
13	14	6	3	5	4	11	9	
14	1	7	4	11	5	12	7	
1	3	4	8	2	11	5	4	
2	4	11	10	3	14	10	5	
3	5	12	9	4	13	7	6	
4	6	13	11	10	12	8	10	
5	7	8	12	6	1	9	8	
6	8	1	14	7	2	nuke	9	4	
7	9	2	13	8	3	11	nuke	4	
8	10	3	1	14	4	12	14	
9	11	10	2	nuke	5	13	12	4	
10	12	5	3	11	6	6	13	
11	13	6	4	12	7	1	11	
12	14	7	5	13	10	2	1	
13	1	14	6	9	9	3	2	
14	2	9	7	1	nuke	4	3	4	
1	4	9	9	10	2	11	8	
2	5	4	11	6	3	12	9	
3	6	11	12	7	4	13	7	
4	7	12	14	8	5	6	14	
5	8	13	nuke	14	6	1	12	1	
6	9	nuke	1	5	7	2	13	1	
7	10	1	2	11	10	3	11	
8	11	2	3	12	9	4	1	
9	12	3	4	13	8	5	2	
10	13	10	5	9	11	10	3	
11	nuke	5	6	1	14	7	4	1	
12	1	6	7	2	13	8	5	
13	2	7	8	3	12	9	6	
14	3	14	10	4	1	14	10	
1	5	6	13	11	14	9	2	
2	6	7	1	12	13	14	3	
3	7	14	2	13	12	11	4	
4	8	9	3	9	1	12	5	
5	9	nuke	4	1	2	13	6	2	
6	nuke	11	5	2	3	6	10	2	
7	11	12	6	3	4	1	8	
8	12	13	7	4	5	2	9	
9	13	8	8	10	6	3	7	
10	14	1	10	6	7	4	14	
11	1	2	nuke	7	10	5	12	2	
12	2	3	11	8	9	10	13	
13	3	10	12	14	8	7	11	
14	4	5	14	5	11	8	1	
nuke	14	8	13	9	12	6	11	1	
nuke	10	4	9	5	8	14	7	2	
