1	2	4	7	13	9	5	6	
2	3	5	8	14	10	6	7	
3	4	6	9	15	11	7	8	
4	5	7	10	11	12	8	9	
5	6	8	11	1	13	9	10	
6	7	9	12	2	16	10	11	
7	8	16	13	3	15	11	12	
8	9	11	14	4	14	16	16	
9	10	12	16	5	1	13	14	
10	11	13	15	6	2	14	15	
11	12	14	1	7	3	15	13	
12	13	15	2	8	4	12	1	
13	14	10	3	9	5	1	2	
14	15	1	4	10	6	2	3	
15	16	2	5	16	7	3	4	
16	1	3	6	12	8	4	5	
1	3	7	11	2	15	13	nuke	1	
2	4	8	12	3	nuke	14	1	1	
3	5	9	13	4	1	15	2	
4	6	16	14	5	2	nuke	3	1	
5	7	11	16	6	3	1	4	
6	8	12	15	7	4	2	5	
7	9	13	1	8	5	3	6	
8	10	14	2	9	6	4	7	
9	11	15	3	10	7	5	8	
10	12	10	4	16	8	6	9	
11	13	1	5	12	9	7	10	
12	14	2	6	13	10	8	11	
13	15	3	7	14	11	9	12	
14	16	4	8	15	12	10	16	
15	1	5	9	nuke	13	11	14	1	
16	2	6	10	1	16	16	15	
1	4	9	14	6	5	2	12	
2	5	16	16	7	6	3	16	
3	6	11	nuke	8	7	4	14	2	
4	7	12	1	9	8	5	15	
5	8	13	2	10	9	6	13	
6	9	14	3	16	10	7	1	
7	10	15	4	12	11	8	2	
8	11	nuke	5	13	12	9	3	2	
9	12	1	6	14	13	10	4	
10	13	2	7	15	16	11	5	
11	14	3	8	11	15	16	6	
12	15	4	9	1	14	13	7	
13	nuke	5	10	2	1	14	8	2	
14	1	6	11	3	2	15	9	
15	2	7	12	4	3	12	10	
16	3	8	13	5	4	1	11	
1	5	8	6	16	2	16	7	
2	6	9	7	12	3	13	8	
3	7	16	8	13	4	14	9	
4	8	11	9	14	5	15	10	
5	9	12	10	15	6	12	11	
6	10	13	11	11	7	1	12	
7	11	14	12	1	8	2	16	
8	12	15	13	2	9	3	14	
9	13	10	14	3	10	4	15	
10	14	1	16	4	11	5	13	
11	15	2	15	5	12	6	1	
12	16	3	1	6	13	7	2	
13	1	4	2	7	16	8	3	
14	2	5	3	8	15	9	4	
15	3	6	4	9	14	10	5	
16	4	7	5	10	1	11	6	
nuke	16	10	15	11	14	12	13	2	
