1	2	3	4	5	6	nuke	8	1	
2	3	4	5	6	7	8	9	
3	nuke	5	6	7	8	9	10	1	
4	5	6	7	8	9	10	nuke	1	
5	6	7	8	9	10	11	12	
6	7	nuke	9	10	11	12	13	1	
7	8	9	10	11	12	13	14	
8	9	10	11	12	13	14	15	
9	10	11	nuke	13	14	15	16	2	
10	11	12	13	14	15	16	11	
11	12	13	14	15	16	7	1	
12	13	14	15	nuke	3	1	2	2	
13	14	15	16	16	1	2	3	
14	15	16	12	1	2	3	4	
15	16	8	1	2	nuke	4	5	2	
16	4	1	2	3	4	5	6	
1	3	5	7	9	11	13	15	
2	nuke	6	8	10	12	14	16	3	
3	5	7	9	11	13	15	11	
4	6	nuke	10	12	14	16	1	3	
5	7	9	11	13	15	7	2	
6	8	10	nuke	14	16	1	3	3	
7	9	11	13	15	3	2	4	
8	10	12	14	nuke	1	3	5	3	
9	11	13	15	16	2	4	6	
10	12	14	16	1	nuke	5	7	4	
11	13	15	12	2	4	6	8	
12	14	16	1	3	5	nuke	9	4	
13	15	8	2	4	6	8	10	
14	16	1	3	5	7	9	nuke	4	
15	4	2	4	6	8	10	12	
16	1	3	5	7	9	11	13	
1	nuke	7	10	13	16	2	5	5	
2	5	nuke	11	14	3	3	6	5	
3	6	9	nuke	15	1	4	7	5	
4	7	10	13	nuke	2	5	8	5	
5	8	11	14	16	nuke	6	9	6	
6	9	12	15	1	4	nuke	10	6	
7	10	13	16	2	5	8	nuke	6	
8	11	14	12	3	6	9	12	
9	12	15	1	4	7	10	13	
10	13	16	2	5	8	11	14	
11	14	8	3	6	9	12	15	
12	15	1	4	7	10	13	16	
13	16	2	5	8	11	14	11	
14	4	3	6	9	12	15	1	
15	1	4	7	10	13	16	2	
16	2	5	8	11	14	7	3	
1	5	9	13	16	4	8	12	
2	6	10	14	1	5	9	13	
3	7	11	15	2	6	10	14	
4	8	12	16	3	7	11	15	
5	9	13	12	4	8	12	16	
6	10	14	1	5	9	13	11	
7	11	15	2	6	10	14	1	
8	12	16	3	7	11	15	2	
9	13	8	4	8	12	16	3	
10	14	1	5	9	13	7	4	
11	15	2	6	10	14	1	5	
12	16	3	7	11	15	2	6	
13	4	4	8	12	16	3	7	
14	1	5	9	13	3	4	8	
15	2	6	10	14	1	5	9	
16	3	7	11	15	2	6	10	
nuke	1	2	3	4	5	6	7	2	
nuke	2	4	6	8	10	12	14	4	
nuke	3	6	9	12	15	1	4	6	
