1	2	3	4	5	6	7	8	
2	3	4	5	6	7	8	9	
3	4	5	6	7	8	9	10	
4	5	6	7	8	9	10	11	
5	6	7	8	9	10	11	12	
6	7	8	9	10	11	12	13	
7	8	9	10	11	12	17	17	
8	9	10	11	17	13	14	15	
9	10	17	12	13	14	15	16	
10	11	12	13	14	17	16	14	
11	12	13	14	15	16	13	1	
12	13	14	15	16	15	1	2	
13	14	15	17	12	1	2	3	
14	15	16	16	1	2	3	4	
15	16	11	1	2	3	4	5	
16	17	1	2	3	4	5	6	
17	1	2	3	4	5	6	7	
1	3	5	7	9	11	17	15	
2	4	6	8	10	12	14	16	
3	5	7	9	11	13	15	nuke	1	
4	6	8	10	17	14	16	1	
5	7	9	11	13	17	nuke	2	1	
6	8	10	12	14	16	1	3	
7	9	17	13	15	nuke	2	4	1	
8	10	12	14	16	1	3	5	
9	11	13	15	nuke	2	4	6	1	
10	12	14	17	1	3	5	7	
11	13	15	16	2	4	6	8	
12	14	16	1	3	5	7	9	
13	15	11	2	4	6	8	10	
14	16	1	3	5	7	9	11	
15	17	2	4	6	8	10	12	
16	1	3	5	7	9	11	13	
17	2	4	6	8	10	12	17	
1	4	7	10	13	16	2	5	
2	5	8	11	14	15	3	6	
3	6	9	12	15	1	4	7	
4	7	10	13	16	2	5	8	
5	8	17	14	12	3	6	9	
6	9	12	15	1	4	7	10	
7	10	13	17	2	5	8	11	
8	11	14	nuke	3	6	9	12	2	
9	12	15	1	4	7	10	13	
10	13	16	2	5	8	11	17	
11	14	nuke	3	6	9	12	15	2	
12	15	1	4	7	10	17	16	
13	16	2	5	8	11	14	14	
14	nuke	3	6	9	12	15	1	2	
15	1	4	7	10	13	16	2	
16	2	5	8	11	14	13	3	
17	3	6	9	17	17	1	4	
1	5	9	13	12	4	8	12	
2	6	10	14	1	5	9	13	
3	7	17	15	2	6	10	17	
4	8	12	17	3	7	11	15	
5	9	13	16	4	8	12	16	
6	10	14	1	5	9	17	14	
7	11	15	2	6	10	14	1	
8	12	16	3	7	11	15	2	
9	13	11	4	8	12	16	3	
10	14	1	5	9	13	13	4	
11	15	2	6	10	14	1	5	
12	16	3	7	11	17	2	6	
13	17	4	8	17	16	3	7	
14	1	5	9	13	15	4	8	
15	2	6	10	14	1	5	9	
16	3	7	11	15	2	6	10	
17	4	8	12	16	3	7	11	
nuke	17	11	16	12	15	13	14	2	
