1	2	4	13	5	6	9	16	
2	3	5	14	6	7	10	17	
3	nuke	6	15	7	8	11	18	1	
4	5	7	16	8	9	12	19	
5	6	8	17	9	10	13	9	
6	7	9	18	10	11	14	1	
7	8	10	19	11	12	15	2	
8	9	11	8	12	13	nuke	3	1	
9	10	12	1	13	14	17	4	
10	11	nuke	2	14	15	18	5	1	
11	12	14	3	15	16	19	6	
12	13	15	4	16	17	16	7	
13	14	16	5	17	18	1	8	
14	15	17	6	18	19	2	nuke	1	
15	16	18	7	nuke	2	3	10	2	
16	17	19	nuke	19	1	4	11	2	
17	18	13	9	1	nuke	5	12	2	
18	19	1	10	2	3	6	13	
19	4	2	11	3	4	7	14	
1	3	7	17	10	12	nuke	4	3	
2	nuke	8	18	11	13	17	5	3	
3	5	9	19	12	14	18	6	
4	6	10	8	13	15	19	7	
5	7	11	1	14	16	16	8	
6	8	12	2	15	17	1	nuke	3	
7	9	nuke	3	16	18	2	10	3	
8	10	14	4	17	19	3	11	
9	11	15	5	18	2	4	12	
10	12	16	6	nuke	1	5	13	4	
11	13	17	7	19	nuke	6	14	4	
12	14	18	nuke	1	3	7	15	4	
13	15	19	9	2	4	8	16	
14	16	13	10	3	5	9	17	
15	17	1	11	4	6	10	18	
16	18	2	12	5	7	11	19	
17	19	3	13	6	8	12	9	
18	4	4	14	7	9	13	1	
19	1	5	15	8	10	14	2	
1	nuke	9	8	8	16	3	12	5	
2	5	10	1	9	17	4	13	
3	6	11	2	10	18	5	14	
4	7	12	3	11	19	6	15	
5	8	nuke	4	12	2	7	16	5	
6	9	14	5	13	1	8	17	
7	10	15	6	14	nuke	9	18	5	
8	11	16	7	15	3	10	19	
9	12	17	nuke	16	4	11	9	5	
10	13	18	9	17	5	12	1	
11	14	19	10	18	6	13	2	
12	15	13	11	nuke	7	14	3	6	
13	16	1	12	19	8	15	4	
14	17	2	13	1	9	nuke	5	6	
15	18	3	14	2	10	17	6	
16	19	4	15	3	11	18	7	
17	4	5	16	4	12	19	8	
18	1	6	17	5	13	16	nuke	6	
19	2	7	18	6	14	1	10	
1	5	14	9	19	3	17	10	
2	6	15	10	1	4	18	11	
3	7	16	11	2	5	19	12	
4	8	17	12	3	6	16	13	
5	9	18	13	4	7	1	14	
6	10	19	14	5	8	2	15	
7	11	13	15	6	9	3	16	
8	12	1	16	7	10	4	17	
9	13	2	17	8	11	5	18	
10	14	3	18	9	12	6	19	
11	15	4	19	10	13	7	9	
12	16	5	8	11	14	8	1	
13	17	6	1	12	15	9	2	
14	18	7	2	13	16	10	3	
15	19	8	3	14	17	11	4	
16	4	9	4	15	18	12	5	
17	1	10	5	16	19	13	6	
18	2	11	6	17	2	14	7	
19	3	12	7	18	1	15	8	
nuke	1	3	12	4	5	8	15	2	
nuke	2	6	16	9	11	15	3	4	
nuke	3	8	19	7	15	2	11	6	
