1	2	3	4	5	6	7	8	
2	3	4	5	6	7	8	9	
3	4	5	6	7	8	9	10	
4	5	6	7	8	9	14	14	
5	6	7	8	14	10	11	12	
6	7	14	9	10	11	12	13	
7	8	9	10	11	14	13	11	
8	9	10	11	12	13	10	15	
9	10	11	12	13	12	19	19	
10	11	12	14	19	15	16	17	
11	12	19	13	15	16	17	18	
12	13	8	15	16	19	18	nuke	3	
13	14	15	16	17	18	nuke	1	3	
14	15	16	17	18	nuke	1	2	3	
15	16	17	19	nuke	1	2	3	3	
16	17	18	18	1	2	3	4	
17	18	13	1	2	3	4	5	
18	19	1	2	3	4	5	6	
19	1	2	3	4	5	6	7	
1	3	5	7	14	11	13	15	
2	4	6	8	10	14	nuke	19	4	
3	5	7	9	11	13	19	17	
4	6	14	10	12	nuke	16	18	4	
5	7	9	11	13	15	17	16	
6	8	10	12	nuke	16	18	1	4	
7	9	11	14	15	19	15	2	
8	10	12	13	16	18	1	3	
9	11	19	15	17	17	2	4	
10	12	8	16	18	1	3	5	
11	13	15	17	9	2	4	6	
12	14	16	19	1	3	5	7	
13	15	17	18	2	4	6	8	
14	16	18	1	3	5	7	9	
15	17	13	2	4	6	8	10	
16	18	1	3	5	7	9	14	
17	19	2	4	6	8	14	12	
18	1	3	5	7	9	11	13	
19	2	4	6	8	10	12	nuke	4	
1	4	7	10	13	16	15	3	
2	5	14	11	19	19	1	4	
3	6	9	12	15	18	2	5	
4	7	10	14	16	17	3	6	
5	8	11	13	17	1	4	7	
6	9	12	15	18	2	5	8	
7	10	19	16	9	3	6	9	
8	11	8	17	1	4	7	10	
9	12	15	19	2	5	8	14	
10	13	16	nuke	3	6	9	12	1	
11	14	17	1	4	7	14	13	
12	15	18	2	5	8	11	11	
13	16	nuke	3	6	9	12	15	1	
14	17	1	4	7	10	13	19	
15	18	2	5	8	11	10	17	
16	nuke	3	6	14	14	19	18	1	
17	1	4	7	10	13	16	16	
18	2	5	8	11	12	17	1	
19	3	6	9	12	15	18	2	
1	5	9	14	17	2	6	10	
2	6	10	nuke	18	3	7	14	2	
3	7	11	15	9	4	8	12	
4	8	12	16	1	5	9	13	
5	9	19	17	2	6	14	11	
6	10	nuke	19	3	7	11	15	2	
7	11	15	18	4	8	12	19	
8	12	16	1	5	9	13	17	
9	13	17	2	6	10	10	18	
10	nuke	18	3	7	11	19	16	2	
11	15	13	4	8	14	16	1	
12	16	1	5	14	13	17	2	
13	17	2	6	10	12	18	3	
14	18	3	7	11	15	15	4	
15	19	4	8	12	16	1	5	
16	1	5	9	13	19	2	6	
17	2	6	10	19	18	3	7	
18	3	7	11	15	17	4	8	
19	4	14	12	16	1	5	9	
nuke	19	13	18	9	17	15	16	1	
nuke	14	8	13	19	12	10	11	2	
