1	2	5	12	8	14	11	18	
2	3	6	13	9	15	12	19	
3	nuke	7	14	10	16	13	20	1	
4	5	8	15	11	17	14	21	
5	6	9	16	12	18	15	1	
6	7	10	17	13	19	16	nuke	1	
7	8	11	18	14	20	17	2	
8	9	12	19	15	21	nuke	3	1	
9	10	nuke	20	16	5	19	4	1	
10	11	14	21	17	1	20	5	
11	12	15	6	18	2	21	6	
12	13	16	1	19	3	18	7	
13	14	17	2	20	4	1	8	
14	15	18	3	21	nuke	2	9	2	
15	16	19	4	3	6	3	10	
16	17	20	5	1	7	4	11	
17	18	21	nuke	2	8	5	12	2	
18	19	13	7	nuke	9	6	13	2	
19	20	1	8	4	10	7	14	
20	21	2	9	5	11	8	15	
21	4	3	10	6	12	9	16	
1	3	9	17	15	5	20	6	
2	nuke	10	18	16	1	21	7	3	
3	5	11	19	17	2	18	8	
4	6	12	20	18	3	1	9	
5	7	nuke	21	19	4	2	10	3	
6	8	14	6	20	nuke	3	11	3	
7	9	15	1	21	6	4	12	
8	10	16	2	3	7	5	13	
9	11	17	3	1	8	6	14	
10	12	18	4	2	9	7	15	
11	13	19	5	nuke	10	8	16	3	
12	14	20	nuke	4	11	9	17	4	
13	15	21	7	5	12	10	18	
14	16	13	8	6	13	11	19	
15	17	1	9	7	14	12	20	
16	18	2	10	8	15	13	21	
17	19	3	11	9	16	14	1	
18	20	4	12	10	17	15	nuke	4	
19	21	5	13	11	18	16	2	
20	4	6	14	12	19	17	3	
21	1	7	15	13	20	nuke	4	4	
1	nuke	12	15	20	8	7	16	5	
2	5	nuke	16	21	9	8	17	5	
3	6	14	17	3	10	9	18	
4	7	15	18	1	11	10	19	
5	8	16	19	2	12	11	20	
6	9	17	20	nuke	13	12	21	5	
7	10	18	21	4	14	13	1	
8	11	19	6	5	15	14	nuke	5	
9	12	20	1	6	16	15	2	
10	13	21	2	7	17	16	3	
11	14	13	3	8	18	17	4	
12	15	1	4	9	19	nuke	5	6	
13	16	2	5	10	20	19	6	
14	17	3	nuke	11	21	20	7	6	
15	18	4	7	12	5	21	8	
16	19	5	8	13	1	18	9	
17	20	6	9	14	2	1	10	
18	21	7	10	15	3	2	11	
19	4	8	11	16	4	3	12	
20	1	9	12	17	nuke	4	13	6	
21	2	10	13	18	6	5	14	
1	5	14	7	4	6	19	2	
2	6	15	8	5	7	20	3	
3	7	16	9	6	8	21	4	
4	8	17	10	7	9	18	5	
5	9	18	11	8	10	1	6	
6	10	19	12	9	11	2	7	
7	11	20	13	10	12	3	8	
8	12	21	14	11	13	4	9	
9	13	13	15	12	14	5	10	
10	14	1	16	13	15	6	11	
11	15	2	17	14	16	7	12	
12	16	3	18	15	17	8	13	
13	17	4	19	16	18	9	14	
14	18	5	20	17	19	10	15	
15	19	6	21	18	20	11	16	
16	20	7	6	19	21	12	17	
17	21	8	1	20	5	13	18	
18	4	9	2	21	1	14	19	
19	1	10	3	3	2	15	20	
20	2	11	4	1	3	16	21	
21	3	12	5	2	4	17	1	
nuke	1	4	11	7	13	10	17	2	
nuke	2	8	16	14	21	19	5	4	
nuke	3	11	14	19	7	6	15	6	
