1	2	3	4	5	6	7	8	
2	3	4	5	6	7	8	9	
3	nuke	5	6	7	8	9	10	1	
4	5	6	7	8	9	10	11	
5	6	7	8	9	10	11	12	
6	7	nuke	9	10	11	12	13	1	
7	8	9	10	11	12	13	14	
8	9	10	11	12	13	14	15	
9	10	11	nuke	13	14	15	16	1	
10	11	12	13	14	15	16	17	
11	12	13	14	15	16	17	18	
12	13	14	15	nuke	17	18	19	1	
13	14	15	16	17	18	19	20	
14	15	16	17	18	19	20	21	
15	16	17	18	19	nuke	21	22	2	
16	17	18	19	20	21	22	23	
17	18	19	20	21	22	23	24	
18	19	20	21	22	23	nuke	25	2	
19	20	21	22	23	24	25	26	
20	21	22	23	24	25	26	27	
21	22	23	24	25	26	27	nuke	2	
22	23	24	25	26	27	28	28	
23	24	25	26	27	28	24	1	
24	25	26	27	28	20	1	2	
25	26	27	28	16	1	2	3	
26	27	28	12	1	2	3	4	
27	28	8	1	2	3	4	5	
28	4	1	2	3	4	5	6	
1	3	5	7	9	11	13	15	
2	nuke	6	8	10	12	14	16	3	
3	5	7	9	11	13	15	17	
4	6	nuke	10	12	14	16	18	3	
5	7	9	11	13	15	17	19	
6	8	10	nuke	14	16	18	20	3	
7	9	11	13	15	17	19	21	
8	10	12	14	nuke	18	20	22	3	
9	11	13	15	17	19	21	23	
10	12	14	16	18	nuke	22	24	4	
11	13	15	17	19	21	23	25	
12	14	16	18	20	22	nuke	26	4	
13	15	17	19	21	23	25	27	
14	16	18	20	22	24	26	nuke	4	
15	17	19	21	23	25	27	28	
16	18	20	22	24	26	28	1	
17	19	21	23	25	27	24	2	
18	20	22	24	26	28	1	3	
19	21	23	25	27	20	2	4	
20	22	24	26	28	1	3	5	
21	23	25	27	16	2	4	6	
22	24	26	28	1	3	5	7	
23	25	27	12	2	4	6	8	
24	26	28	1	3	5	7	9	
25	27	8	2	4	6	8	10	
26	28	1	3	5	7	9	11	
27	4	2	4	6	8	10	12	
28	1	3	5	7	9	11	13	
1	nuke	7	10	13	16	19	22	5	
2	5	nuke	11	14	17	20	23	5	
3	6	9	nuke	15	18	21	24	5	
4	7	10	13	nuke	19	22	25	5	
5	8	11	14	17	nuke	23	26	6	
6	9	12	15	18	21	nuke	27	6	
7	10	13	16	19	22	25	nuke	6	
8	11	14	17	20	23	26	28	
9	12	15	18	21	24	27	1	
10	13	16	19	22	25	28	2	
11	14	17	20	23	26	24	3	
12	15	18	21	24	27	1	4	
13	16	19	22	25	28	2	5	
14	17	20	23	26	20	3	6	
15	18	21	24	27	1	4	7	
16	19	22	25	28	2	5	8	
17	20	23	26	16	3	6	9	
18	21	24	27	1	4	7	10	
19	22	25	28	2	5	8	11	
20	23	26	12	3	6	9	12	
21	24	27	1	4	7	10	13	
22	25	28	2	5	8	11	14	
23	26	8	3	6	9	12	15	
24	27	1	4	7	10	13	16	
25	28	2	5	8	11	14	17	
26	4	3	6	9	12	15	18	
27	1	4	7	10	13	16	19	
28	2	5	8	11	14	17	20	
1	5	9	13	17	21	25	28	
2	6	10	14	18	22	26	1	
3	7	11	15	19	23	27	2	
4	8	12	16	20	24	28	3	
5	9	13	17	21	25	24	4	
6	10	14	18	22	26	1	5	
7	11	15	19	23	27	2	6	
8	12	16	20	24	28	3	7	
9	13	17	21	25	20	4	8	
10	14	18	22	26	1	5	9	
11	15	19	23	27	2	6	10	
12	16	20	24	28	3	7	11	
13	17	21	25	16	4	8	12	
14	18	22	26	1	5	9	13	
15	19	23	27	2	6	10	14	
16	20	24	28	3	7	11	15	
17	21	25	12	4	8	12	16	
18	22	26	1	5	9	13	17	
19	23	27	2	6	10	14	18	
20	24	28	3	7	11	15	19	
21	25	8	4	8	12	16	20	
22	26	1	5	9	13	17	21	
23	27	2	6	10	14	18	22	
24	28	3	7	11	15	19	23	
25	4	4	8	12	16	20	24	
26	1	5	9	13	17	21	25	
27	2	6	10	14	18	22	26	
28	3	7	11	15	19	23	27	
nuke	1	2	3	4	5	6	7	2	
nuke	2	4	6	8	10	12	14	4	
nuke	3	6	9	12	15	18	21	6	
