1	2	5	7	10	11	12	nuke	3	
2	3	6	8	11	14	13	1	
3	4	7	9	12	13	10	2	
4	5	14	10	13	12	15	3	
5	6	9	11	9	15	16	4	
6	7	10	12	15	16	17	5	
7	8	11	14	16	17	18	6	
8	9	12	13	17	18	19	7	
9	10	13	15	18	19	20	8	
10	11	8	16	19	20	21	9	
11	12	15	17	20	21	22	10	
12	13	16	18	21	22	23	14	
13	14	17	19	22	23	28	12	
14	15	18	20	28	24	25	13	
15	16	19	21	24	25	26	11	
16	17	20	22	25	28	27	15	
17	18	21	23	26	27	nuke	16	3	
18	19	28	24	27	nuke	1	17	3	
19	20	23	25	nuke	1	2	18	3	
20	21	24	26	1	2	3	19	
21	22	25	28	2	3	4	20	
22	23	26	27	3	4	5	21	
23	24	27	1	4	5	6	22	
24	25	22	2	5	6	7	23	
25	26	1	3	6	7	8	24	
26	27	2	4	7	8	9	28	
27	28	3	5	8	9	14	26	
28	1	4	6	14	10	11	27	
1	3	9	14	19	21	23	nuke	4	
2	4	10	13	20	22	28	15	
3	5	11	15	21	23	25	16	
4	6	12	16	22	24	26	17	
5	7	13	17	28	25	27	18	
6	8	8	18	24	28	24	19	
7	9	15	19	25	27	1	20	
8	10	16	20	26	26	2	21	
9	11	17	21	27	1	3	22	
10	12	18	22	23	2	4	23	
11	13	19	23	1	3	5	24	
12	14	20	24	2	4	6	28	
13	15	21	25	3	5	7	26	
14	16	28	26	4	6	8	27	
15	17	23	28	5	7	9	25	
16	18	24	27	6	8	14	1	
17	19	25	1	7	9	11	2	
18	20	26	2	8	10	12	3	
19	21	27	3	14	11	13	4	
20	22	22	4	10	14	nuke	5	4	
21	23	1	5	11	13	15	6	
22	24	2	6	12	nuke	16	7	4	
23	25	3	7	13	15	17	8	
24	26	4	8	nuke	16	18	9	4	
25	27	5	9	15	17	19	10	
26	28	6	10	16	18	20	14	
27	1	7	11	17	19	21	12	
28	2	14	12	18	20	22	13	
1	4	12	17	25	3	6	21	
2	5	13	18	26	4	7	22	
3	6	8	19	27	5	8	23	
4	7	15	20	23	6	9	24	
5	8	16	21	1	7	14	28	
6	9	17	22	2	8	11	26	
7	10	18	23	3	9	12	27	
8	11	19	24	4	10	13	25	
9	12	20	25	5	11	10	1	
10	13	21	26	6	14	15	2	
11	14	28	28	7	13	16	3	
12	15	23	nuke	8	12	17	4	1	
13	16	24	1	14	15	18	5	
14	17	25	2	10	16	19	6	
15	18	26	3	11	17	20	7	
16	19	27	4	12	18	21	8	
17	20	nuke	5	13	19	22	9	1	
18	21	1	6	9	20	23	10	
19	22	2	7	15	21	28	14	
20	23	3	8	16	22	25	12	
21	24	4	9	17	23	26	13	
22	25	5	10	18	24	27	11	
23	26	6	11	19	25	24	15	
24	27	7	12	20	28	1	16	
25	nuke	14	14	21	27	2	17	1	
26	1	9	13	22	26	3	18	
27	2	10	15	28	1	4	19	
28	3	11	16	24	2	5	20	
1	5	nuke	25	14	6	28	13	2	
2	6	15	26	10	7	25	11	
3	7	16	28	11	8	26	15	
4	8	17	27	12	9	27	16	
5	9	18	1	13	10	24	17	
6	10	19	2	9	11	1	18	
7	11	20	3	15	14	2	19	
8	12	21	4	16	13	3	20	
9	13	28	5	17	12	4	21	
10	nuke	23	6	18	15	5	22	2	
11	15	24	7	19	16	6	23	
12	16	25	8	20	17	7	24	
13	17	26	9	21	18	8	28	
14	18	27	10	22	19	9	26	
15	19	22	11	28	20	14	27	
16	20	1	12	24	21	11	25	
17	21	2	14	25	22	12	1	
18	22	3	nuke	26	23	13	2	2	
19	23	4	15	27	24	10	3	
20	24	5	16	23	25	15	4	
21	25	6	17	1	28	16	5	
22	26	7	18	2	27	17	6	
23	27	14	19	3	26	18	7	
24	28	9	20	4	1	19	8	
25	1	10	21	5	2	20	9	
26	2	11	22	6	3	21	10	
27	3	12	23	7	4	22	14	
28	4	13	24	8	5	23	12	
nuke	28	22	27	23	26	24	25	1	
nuke	14	8	13	9	12	10	11	2	
