1	2	5	12	13	15	22	17	
2	3	6	13	14	16	23	18	
3	nuke	7	14	15	17	24	19	1	
4	5	8	15	nuke	18	25	20	1	
5	6	9	16	17	19	26	21	
6	7	10	17	18	nuke	27	22	1	
7	8	11	18	19	21	28	23	
8	9	12	19	20	22	29	24	
9	10	nuke	20	21	23	2	25	1	
10	11	14	21	22	24	1	26	
11	12	15	22	23	25	nuke	27	2	
12	13	16	23	24	26	3	28	
13	14	17	24	25	27	4	29	
14	15	18	25	26	28	5	15	
15	16	19	26	27	29	6	1	
16	17	20	27	28	20	7	2	
17	18	21	28	29	1	8	3	
18	19	22	29	16	2	9	4	
19	20	23	5	1	3	10	5	
20	21	24	1	2	4	11	6	
21	22	25	2	3	5	12	7	
22	23	26	3	4	6	13	8	
23	24	27	4	5	7	14	9	
24	25	28	nuke	6	8	15	10	2	
25	26	29	6	7	9	16	11	
26	27	13	7	8	10	17	12	
27	28	1	8	9	11	18	13	
28	29	2	9	10	12	19	14	
29	4	3	10	11	13	20	nuke	2	
1	3	9	23	25	20	8	4	
2	nuke	10	24	26	1	9	5	3	
3	5	11	25	27	2	10	6	
4	6	12	26	28	3	11	7	
5	7	nuke	27	29	4	12	8	3	
6	8	14	28	16	5	13	9	
7	9	15	29	1	6	14	10	
8	10	16	5	2	7	15	11	
9	11	17	1	3	8	16	12	
10	12	18	2	4	9	17	13	
11	13	19	3	5	10	18	14	
12	14	20	4	6	11	19	nuke	3	
13	15	21	nuke	7	12	20	16	3	
14	16	22	6	8	13	21	17	
15	17	23	7	9	14	22	18	
16	18	24	8	10	15	23	19	
17	19	25	9	11	16	24	20	
18	20	26	10	12	17	25	21	
19	21	27	11	13	18	26	22	
20	22	28	12	14	19	27	23	
21	23	29	13	15	nuke	28	24	4	
22	24	13	14	nuke	21	29	25	4	
23	25	1	15	17	22	2	26	
24	26	2	16	18	23	1	27	
25	27	3	17	19	24	nuke	28	4	
26	28	4	18	20	25	3	29	
27	29	5	19	21	26	4	15	
28	4	6	20	22	27	5	1	
29	1	7	21	23	28	6	2	
1	nuke	12	5	6	14	16	13	5	
2	5	nuke	1	7	15	17	14	5	
3	6	14	2	8	16	18	nuke	5	
4	7	15	3	9	17	19	16	
5	8	16	4	10	18	20	17	
6	9	17	nuke	11	19	21	18	5	
7	10	18	6	12	nuke	22	19	6	
8	11	19	7	13	21	23	20	
9	12	20	8	14	22	24	21	
10	13	21	9	15	23	25	22	
11	14	22	10	nuke	24	26	23	6	
12	15	23	11	17	25	27	24	
13	16	24	12	18	26	28	25	
14	17	25	13	19	27	29	26	
15	18	26	14	20	28	2	27	
16	19	27	15	21	29	1	28	
17	20	28	16	22	20	nuke	29	6	
18	21	29	17	23	1	3	15	
19	22	13	18	24	2	4	1	
20	23	1	19	25	3	5	2	
21	24	2	20	26	4	6	3	
22	25	3	21	27	5	7	4	
23	26	4	22	28	6	8	5	
24	27	5	23	29	7	9	6	
25	28	6	24	16	8	10	7	
26	29	7	25	1	9	11	8	
27	4	8	26	2	10	12	9	
28	1	9	27	3	11	13	10	
29	2	10	28	4	12	14	11	
1	5	14	6	17	21	3	16	
2	6	15	7	18	22	4	17	
3	7	16	8	19	23	5	18	
4	8	17	9	20	24	6	19	
5	9	18	10	21	25	7	20	
6	10	19	11	22	26	8	21	
7	11	20	12	23	27	9	22	
8	12	21	13	24	28	10	23	
9	13	22	14	25	29	11	24	
10	14	23	15	26	20	12	25	
11	15	24	16	27	1	13	26	
12	16	25	17	28	2	14	27	
13	17	26	18	29	3	15	28	
14	18	27	19	16	4	16	29	
15	19	28	20	1	5	17	15	
16	20	29	21	2	6	18	1	
17	21	13	22	3	7	19	2	
18	22	1	23	4	8	20	3	
19	23	2	24	5	9	21	4	
20	24	3	25	6	10	22	5	
21	25	4	26	7	11	23	6	
22	26	5	27	8	12	24	7	
23	27	6	28	9	13	25	8	
24	28	7	29	10	14	26	9	
25	29	8	5	11	15	27	10	
26	4	9	1	12	16	28	11	
27	1	10	2	13	17	29	12	
28	2	11	3	14	18	2	13	
29	3	12	4	15	19	1	14	
nuke	1	4	11	12	14	21	16	2	
nuke	2	8	22	24	29	7	3	4	
nuke	3	11	29	5	13	15	12	6	
