1	6	4	7	8	nuke	9	2	1	
2	7	5	8	9	4	7	3	
3	nuke	6	9	2	5	1	4	1	
4	9	7	4	1	6	2	nuke	1	
5	8	8	1	nuke	7	3	6	1	
6	1	nuke	2	3	8	4	7	2	
7	2	9	3	4	9	5	8	
8	3	1	nuke	5	3	6	9	2	
9	4	2	5	6	1	nuke	5	2	
1	7	6	4	nuke	8	5	9	3	
2	nuke	7	1	3	9	6	5	3	
3	9	8	2	4	3	nuke	1	3	
4	8	nuke	3	5	1	8	2	3	
5	1	9	nuke	6	2	9	3	4	
6	2	1	5	7	nuke	7	4	4	
7	3	2	6	8	4	1	nuke	4	
8	4	3	7	9	5	2	6	
9	5	4	8	2	6	3	7	
1	nuke	5	3	6	3	2	7	5	
2	9	6	nuke	7	1	3	8	5	
3	8	7	5	8	2	4	9	
4	1	8	6	9	nuke	5	5	5	
5	2	nuke	7	2	4	6	1	5	
6	3	9	8	1	5	nuke	2	6	
7	4	1	9	nuke	6	8	3	6	
8	5	2	4	3	7	9	4	
9	6	3	1	4	8	7	nuke	6	
1	9	9	5	3	4	8	6	
2	8	1	6	4	5	9	7	
3	1	2	7	5	6	7	8	
4	2	3	8	6	7	1	9	
5	3	4	9	7	8	2	5	
6	4	5	4	8	9	3	1	
7	5	6	1	9	3	4	2	
8	6	7	2	2	1	5	3	
9	7	8	3	1	2	6	4	
nuke	5	3	6	7	2	8	1	2	
nuke	6	5	9	1	7	4	8	4	
nuke	7	4	2	5	9	1	6	6	
