1	6	10	8	3	3	9	2	
2	7	5	7	9	4	nuke	3	3	
3	8	6	10	nuke	5	1	4	3	
4	9	7	9	1	8	2	8	
5	10	2	1	2	7	3	6	
6	1	9	2	8	10	8	10	
7	2	4	3	4	9	5	5	
8	3	1	4	10	nuke	10	9	3	
9	4	8	5	6	1	7	nuke	3	
10	5	3	6	7	2	4	1	
1	7	6	9	2	nuke	5	9	4	
2	8	7	1	8	9	10	7	
3	9	2	2	4	6	7	1	
4	10	9	3	10	1	nuke	2	4	
5	1	4	4	6	2	9	3	
6	2	1	5	7	3	6	4	
7	3	8	6	nuke	4	1	8	4	
8	4	3	8	9	5	2	6	
9	5	10	7	5	8	3	10	
10	6	5	10	1	7	8	nuke	4	
1	8	5	3	6	6	2	10	
2	9	6	4	7	1	3	5	
3	nuke	7	5	3	2	8	9	1	
4	1	2	6	9	3	5	7	
5	2	9	8	5	4	10	1	
6	3	nuke	7	1	5	7	2	1	
7	4	1	10	2	8	4	3	
8	5	8	nuke	8	7	9	4	1	
9	6	3	1	4	10	6	8	
10	7	10	2	10	9	1	6	
1	9	4	5	8	4	4	6	
2	10	1	6	4	5	9	10	
3	1	8	8	10	8	6	5	
4	2	3	nuke	6	7	1	9	2	
5	3	10	10	7	10	2	7	
6	4	5	9	3	9	3	1	
7	5	6	1	9	6	8	2	
8	6	7	2	5	1	5	3	
9	7	nuke	3	1	2	10	4	2	
10	nuke	9	4	2	3	7	8	2	
nuke	10	4	9	5	6	6	7	1	
nuke	8	2	7	3	10	4	5	2	
