1	4	10	8	7	9	5	2	
2	5	11	7	1	12	6	3	
3	6	nuke	9	2	11	7	4	1	
4	7	1	10	8	10	12	8	
5	8	8	12	4	1	9	6	
6	9	3	nuke	5	2	10	7	1	
7	10	4	1	6	3	11	5	
8	11	5	2	12	4	4	12	
9	nuke	12	3	3	5	1	10	1	
10	1	7	4	9	8	2	11	
11	2	2	5	10	7	3	9	
12	3	9	6	11	6	8	1	
1	5	6	10	4	2	11	12	
2	6	1	12	5	3	nuke	10	3	
3	7	8	11	6	4	1	11	
4	8	3	1	12	5	2	nuke	3	
5	9	4	2	3	8	3	1	
6	10	5	3	9	7	8	2	
7	11	12	4	10	6	5	3	
8	12	7	5	11	9	6	4	
9	1	2	6	nuke	12	7	8	3	
10	2	9	8	1	11	12	6	
11	3	10	7	2	nuke	9	7	3	
12	4	11	9	8	1	10	5	
1	6	11	11	nuke	7	2	8	4	
2	7	6	1	9	nuke	3	6	4	
3	8	1	2	10	9	8	7	
4	9	8	3	11	12	5	nuke	4	
5	10	3	4	7	11	6	12	
6	11	4	5	1	10	7	10	
7	12	5	6	2	1	nuke	11	4	
8	1	12	8	8	2	9	9	
9	2	7	7	4	3	10	1	
10	3	2	9	5	4	11	2	
11	4	9	10	6	5	4	3	
12	5	10	12	12	8	1	4	
1	3	4	12	9	12	12	9	
2	4	5	11	10	11	9	1	
3	5	12	1	11	10	10	2	
4	6	7	2	7	1	11	3	
5	7	nuke	3	1	2	4	4	2	
6	nuke	9	4	2	3	1	8	2	
7	9	10	5	8	4	2	6	
8	10	11	6	4	5	3	7	
9	11	6	8	5	8	8	5	
10	12	1	nuke	6	7	5	12	2	
11	1	8	9	12	6	6	10	
12	2	3	10	3	9	7	11	
nuke	12	6	11	7	10	4	9	1	
nuke	8	2	7	3	6	12	5	2	
