1	2	3	4	5	8	7	5	
2	3	4	5	6	7	4	9	
3	4	5	6	7	6	13	13	
4	5	6	8	13	9	10	11	
5	6	13	7	9	10	11	12	
6	7	2	9	10	13	12	nuke	3	
7	8	9	10	11	12	nuke	1	3	
8	9	10	11	12	nuke	1	2	3	
9	10	11	13	nuke	1	2	3	3	
10	11	12	12	1	2	3	4	
11	12	7	1	2	3	8	8	
12	13	1	2	8	4	5	6	
13	1	8	3	4	5	6	7	
1	3	5	8	9	13	9	2	
2	4	6	7	10	12	1	3	
3	5	13	9	11	11	2	4	
4	6	2	10	12	1	3	8	
5	7	9	11	3	2	8	6	
6	8	10	13	1	3	5	7	
7	9	11	12	2	4	6	nuke	4	
8	10	12	1	8	5	7	9	
9	11	7	2	4	8	nuke	13	4	
10	12	1	3	5	7	13	11	
11	13	8	4	6	nuke	10	12	4	
12	1	3	5	7	9	11	10	
13	2	4	6	nuke	10	12	1	4	
1	4	13	10	3	3	6	9	
2	5	2	11	1	4	7	13	
3	6	9	13	2	5	4	11	
4	7	10	nuke	8	8	13	12	1	
5	8	11	1	4	7	10	10	
6	9	12	2	5	6	11	1	
7	10	nuke	3	6	9	12	2	1	
8	11	1	4	7	10	9	3	
9	12	8	5	13	13	1	4	
10	nuke	3	6	9	12	2	8	1	
11	1	4	8	10	11	3	6	
12	2	5	7	11	1	8	7	
13	3	6	9	12	2	5	5	
1	5	9	12	4	6	12	3	
2	6	10	1	5	9	9	4	
3	7	11	2	6	10	1	8	
4	nuke	12	3	7	13	2	6	2	
5	9	7	4	13	12	3	7	
6	10	1	5	9	11	8	5	
7	11	8	6	10	1	5	9	
8	12	3	8	11	2	6	13	
9	13	4	nuke	12	3	7	11	2	
10	1	5	9	3	4	4	12	
11	2	6	10	1	5	13	10	
12	3	13	11	2	8	10	1	
13	4	nuke	13	8	7	11	2	2	
nuke	13	7	12	3	11	9	10	1	
nuke	8	2	7	13	6	4	5	2	
