1	2	7	11	14	6	11	4	
2	3	8	12	10	7	1	5	
3	4	15	13	1	8	2	6	
4	5	10	15	2	9	3	7	
5	6	11	14	3	10	4	8	
6	7	12	1	4	11	5	9	
7	8	13	2	5	12	6	10	
8	9	14	3	6	15	7	11	
9	10	9	4	7	14	8	15	
10	11	1	5	8	13	9	13	
11	12	2	6	9	1	10	14	
12	13	3	7	15	2	15	12	
13	14	4	8	11	3	12	1	
14	15	5	9	12	4	13	2	
15	1	6	10	13	5	14	3	
1	3	10	14	4	15	8	14	
2	4	11	1	5	14	9	nuke	1	
3	5	12	2	6	nuke	10	1	1	
4	6	13	3	7	1	15	2	
5	7	14	4	8	2	12	3	
6	8	9	5	9	3	13	4	
7	9	1	6	15	4	14	5	
8	10	2	7	11	5	nuke	6	1	
9	11	3	8	12	6	1	7	
10	12	4	9	13	7	2	8	
11	13	5	10	14	8	3	9	
12	14	6	11	nuke	9	4	10	1	
13	15	7	12	1	10	5	11	
14	1	8	13	2	11	6	15	
15	2	15	15	3	12	7	13	
1	4	12	3	8	5	13	10	
2	5	13	4	9	6	14	11	
3	6	14	5	15	7	11	15	
4	7	nuke	6	11	8	1	13	2	
5	8	1	7	12	9	2	14	
6	9	2	8	13	10	3	12	
7	10	3	9	14	11	4	1	
8	11	4	10	10	12	5	2	
9	12	5	11	1	15	6	3	
10	13	6	12	2	14	7	4	
11	14	7	13	3	13	8	5	
12	nuke	8	15	4	1	9	6	2	
13	1	15	nuke	5	2	10	7	2	
14	2	10	1	6	3	15	8	
15	3	11	2	7	4	12	9	
1	5	8	6	13	2	4	9	
2	6	15	7	14	3	5	10	
3	7	10	8	10	4	6	11	
4	8	11	9	1	5	7	15	
5	9	12	10	2	6	8	13	
6	10	13	11	3	7	9	14	
7	11	14	12	4	8	10	12	
8	12	9	13	5	9	15	1	
9	13	1	15	6	10	12	2	
10	14	2	14	7	11	13	3	
11	15	3	1	8	12	14	4	
12	1	4	2	9	15	11	5	
13	2	5	3	15	14	1	6	
14	3	6	4	11	13	2	7	
15	4	7	5	12	1	3	8	
nuke	15	9	14	10	13	11	12	2	
