1	2	5	7	9	10	14	13	
2	3	6	8	10	11	15	14	
3	nuke	7	9	11	12	16	15	1	
4	5	8	10	12	13	17	16	
5	6	9	11	13	14	18	17	
6	7	10	12	14	15	19	18	
7	8	11	13	15	16	20	19	
8	9	12	14	16	17	21	nuke	1	
9	10	nuke	15	17	18	22	21	1	
10	11	14	16	18	19	23	22	
11	12	15	17	19	20	9	23	
12	13	16	18	20	21	1	20	
13	14	17	nuke	21	22	2	1	1	
14	15	18	20	22	23	3	2	
15	16	19	21	23	8	4	3	
16	17	20	22	5	1	5	4	
17	18	21	23	1	2	6	5	
18	19	22	19	2	3	7	6	
19	20	23	1	3	4	8	7	
20	21	13	2	4	5	nuke	8	2	
21	22	1	3	nuke	6	10	9	2	
22	23	2	4	6	7	11	10	
23	4	3	5	7	nuke	12	11	2	
1	3	9	13	16	18	23	20	
2	nuke	10	14	17	19	9	1	3	
3	5	11	15	18	20	1	2	
4	6	12	16	19	21	2	3	
5	7	nuke	17	20	22	3	4	3	
6	8	14	18	21	23	4	5	
7	9	15	nuke	22	8	5	6	3	
8	10	16	20	23	1	6	7	
9	11	17	21	5	2	7	8	
10	12	18	22	1	3	8	9	
11	13	19	23	2	4	nuke	10	3	
12	14	20	19	3	5	10	11	
13	15	21	1	4	6	11	12	
14	16	22	2	nuke	7	12	13	4	
15	17	23	3	6	nuke	13	14	4	
16	18	13	4	7	9	14	15	
17	19	1	5	8	10	15	16	
18	20	2	6	9	11	16	17	
19	21	3	7	10	12	17	18	
20	22	4	8	11	13	18	19	
21	23	5	9	12	14	19	nuke	4	
22	4	6	10	13	15	20	21	
23	1	7	11	14	16	21	22	
1	nuke	12	17	13	23	5	10	5	
2	5	nuke	18	14	8	6	11	5	
3	6	14	nuke	15	1	7	12	5	
4	7	15	20	16	2	8	13	
5	8	16	21	17	3	nuke	14	5	
6	9	17	22	18	4	10	15	
7	10	18	23	19	5	11	16	
8	11	19	19	20	6	12	17	
9	12	20	1	21	7	13	18	
10	13	21	2	22	nuke	14	19	6	
11	14	22	3	23	9	15	nuke	6	
12	15	23	4	5	10	16	21	
13	16	13	5	1	11	17	22	
14	17	1	6	2	12	18	23	
15	18	2	7	3	13	19	20	
16	19	3	8	4	14	20	1	
17	20	4	9	nuke	15	21	2	6	
18	21	5	10	6	16	22	3	
19	22	6	11	7	17	23	4	
20	23	7	12	8	18	9	5	
21	4	8	13	9	19	1	6	
22	1	9	14	10	20	2	7	
23	2	10	15	11	21	3	8	
1	5	14	20	6	9	10	21	
2	6	15	21	7	10	11	22	
3	7	16	22	8	11	12	23	
4	8	17	23	9	12	13	20	
5	9	18	19	10	13	14	1	
6	10	19	1	11	14	15	2	
7	11	20	2	12	15	16	3	
8	12	21	3	13	16	17	4	
9	13	22	4	14	17	18	5	
10	14	23	5	15	18	19	6	
11	15	13	6	16	19	20	7	
12	16	1	7	17	20	21	8	
13	17	2	8	18	21	22	9	
14	18	3	9	19	22	23	10	
15	19	4	10	20	23	9	11	
16	20	5	11	21	8	1	12	
17	21	6	12	22	1	2	13	
18	22	7	13	23	2	3	14	
19	23	8	14	5	3	4	15	
20	4	9	15	1	4	5	16	
21	1	10	16	2	5	6	17	
22	2	11	17	3	6	7	18	
23	3	12	18	4	7	8	19	
nuke	1	4	6	8	9	13	12	2	
nuke	2	8	12	15	17	22	23	4	
nuke	3	11	16	12	22	4	9	6	
