12	nuke	1	2	1	
1	2	3	4	
2	3	4	5	
3	4	5	6	
4	5	6	7	
5	6	8	8	
11	12	nuke	1	1	
6	7	7	9	
7	8	9	10	
8	9	10	11	
9	10	11	12	
13	1	2	3	
10	11	13	nuke	1	
1	3	5	7	
2	4	6	8	
3	5	8	9	
4	6	7	10	
5	7	9	11	
6	8	10	12	
7	9	11	13	
8	10	13	1	
9	11	12	2	
10	12	1	3	
11	13	2	4	
12	1	3	5	
13	2	4	6	
5	nuke	11	1	2	
1	4	8	10	
3	6	9	12	
4	7	10	13	
6	9	13	2	
7	10	12	3	
2	5	nuke	11	2	
8	11	1	4	
9	12	2	5	
10	13	3	6	
11	1	4	7	
13	3	6	9	
12	2	5	nuke	2	
1	5	9	13	
2	6	10	1	
3	7	11	2	
4	8	13	3	
5	9	12	4	
6	10	1	5	
7	11	2	6	
8	12	3	7	
9	13	4	8	
10	1	5	9	
11	2	6	10	
12	3	8	11	
13	4	7	12	
nuke	13	12	13	1	
nuke	8	7	8	2	
