14	nuke	5	9	1	
1	2	7	11	
2	3	8	12	
3	4	9	13	
4	5	10	14	
6	7	13	1	
7	8	12	2	
9	10	nuke	4	1	
8	9	15	3	
10	11	1	5	
11	12	2	6	
12	13	3	7	
13	14	4	8	
15	1	6	10	
5	6	11	nuke	1	
1	3	10	15	
2	4	11	1	
3	5	13	2	
4	6	12	3	
5	7	15	4	
6	8	14	5	
7	9	1	6	
8	10	2	7	
9	11	3	8	
10	12	4	9	
11	13	5	10	
12	14	6	11	
13	15	7	12	
14	1	8	13	
15	2	9	14	
10	nuke	6	12	2	
1	4	13	3	
3	6	15	5	
4	7	14	6	
5	8	1	7	
6	9	2	8	
7	10	3	9	
2	5	nuke	4	2	
8	11	4	10	
9	12	5	11	
12	15	8	14	
13	1	9	15	
14	2	10	1	
15	3	11	2	
11	14	7	nuke	2	
1	5	8	6	
2	6	9	7	
3	7	10	8	
4	8	11	9	
5	9	13	10	
6	10	12	11	
7	11	15	12	
8	12	14	13	
9	13	1	14	
10	14	2	15	
11	15	3	1	
12	1	4	2	
13	2	5	3	
14	3	6	4	
15	4	7	5	
nuke	15	14	15	1	
nuke	13	12	13	2	
