1	3	5	7	9	11	13	15	17	19	1	3	5	11	19	5	19	11	17	15	13	9	9	13
2	4	6	8	10	12	14	16	18	20	2	4	6	12	20	6	20	12	18	16	14	10	10	14
1	17	7	15	19	5	3	3	5	1	15	7	17	15	20	1	3	3	5	19	1	7	17	1
2	18	8	16	20	6	4	4	6	2	16	8	18	16	19	2	4	4	6	20	2	8	18	2
17	3	17	1	15	19	5	4	3	5	19	15	7	5	13	6	13	5	1	9	3	7	7	3
18	4	18	2	16	20	6	3	4	6	20	16	8	6	14	5	14	6	2	10	4	8	8	4
7	17	6	17	7	15	19	5	4	3	5	19	15	9	11	2	13	9	13	5	11	9	3	7
8	18	5	18	8	16	20	6	3	4	6	20	16	10	12	1	14	10	14	6	12	10	4	8
15	7	18	7	17	7	15	19	5	3	3	5	19	1	3	6	7	10	11	13	15	17	19	2
16	8	17	8	18	8	16	20	6	4	4	6	20	2	4	5	8	9	12	14	16	18	20	1
19	15	7	18	10	17	7	1	19	6	3	1	1	9	1	7	1	4	9	11	5	13	20	13
20	16	8	17	9	18	8	2	20	5	4	2	2	10	2	8	2	3	10	12	6	14	19	14
5	19	15	2	17	12	17	7	15	2	6	1	3	13	9	9	13	15	17	12	19	18	1	11
6	20	16	1	18	11	18	8	16	1	5	2	4	14	10	10	14	16	18	11	20	17	2	12
3	5	19	15	8	17	14	17	7	15	20	6	4	17	15	13	9	1	13	15	17	11	1	2
4	6	20	16	7	18	13	18	8	16	19	5	3	18	16	14	10	2	14	16	18	12	2	1
3	1	1	19	16	7	18	15	1	7	16	19	1	18	4	17	2	15	19	6	3	3	5	19
4	2	2	20	15	8	17	16	2	8	15	20	2	17	3	18	1	16	20	5	4	4	6	20
6	2	3	5	20	15	7	18	18	17	7	16	20	11	5	13	7	13	5	12	9	3	7	8
5	1	4	6	19	16	8	17	17	18	8	15	19	12	6	14	8	14	6	11	10	4	8	7
20	5	4	3	5	19	16	8	2	20	17	7	15	3	5	19	15	7	17	13	18	8	15	19
19	6	3	4	6	20	15	7	1	19	18	8	16	4	6	20	16	8	18	14	17	7	16	20
16	20	1	3	3	5	20	2	7	17	2	17	7	1	14	2	11	2	3	7	7	4	9	11
15	19	2	4	4	6	19	1	8	18	1	18	8	2	13	1	12	1	4	8	8	3	10	12
8	15	20	6	3	3	5	19	15	7	18	4	18	14	5	11	9	3	7	8	4	9	11	5
7	16	19	5	4	4	6	20	16	8	17	3	17	13	6	12	10	4	8	7	3	10	12	6
18	7	15	20	5	4	4	6	20	16	8	17	6	14	4	13	5	11	9	3	8	7	3	9
17	8	16	19	6	3	3	5	19	15	7	18	5	13	3	14	6	12	10	4	7	8	4	10
1	13	2	11	1	3	8	7	3	9	11	6	13	16	7	17	7	17	8	16	20	5	3	4
2	14	1	12	2	4	7	8	4	10	12	5	14	15	8	18	8	18	7	15	19	6	4	3
13	3	13	5	11	9	3	7	7	3	9	11	1	14	16	18	12	19	12	20	12	1	15	14
14	4	14	6	12	10	4	8	8	4	10	12	2	13	15	17	11	20	11	19	11	2	16	13
6	13	5	13	5	1	9	4	8	7	3	9	11	6	2	3	6	19	15	7	17	18	17	7
5	14	6	14	6	2	10	3	7	8	4	10	12	5	1	4	5	20	16	8	18	17	18	8
11	6	13	8	13	5	11	9	4	7	7	2	9	5	19	15	1	17	11	17	8	15	1	6
12	5	14	7	14	6	12	10	3	8	8	1	10	6	20	16	2	18	12	18	7	16	2	5
9	11	2	14	10	13	6	11	9	4	8	8	4	11	17	15	13	2	10	1	1	1	11	19
10	12	1	13	9	14	5	12	10	3	7	7	3	12	18	16	14	1	9	2	2	2	12	20
4	9	11	6	14	11	1	5	11	10	3	8	8	5	12	9	3	7	8	3	9	11	5	14
3	10	12	5	13	12	2	6	12	9	4	7	7	6	11	10	4	8	7	4	10	12	6	13
8	1	9	11	6	13	14	13	5	11	10	2	8	19	16	7	17	9	17	7	2	19	6	3
7	2	10	12	5	14	13	14	6	12	9	1	7	20	15	8	18	10	18	8	1	20	5	4
7	8	3	9	11	5	1	16	13	6	11	9	4	10	13	16	17	11	19	13	19	12	18	15
8	7	4	10	12	6	2	15	14	5	12	10	3	9	14	15	18	12	20	14	20	11	17	16
4	7	7	3	1	2	6	13	17	13	5	11	9	4	8	8	4	1	1	6	14	18	13	5
3	8	8	4	2	1	5	14	18	14	6	12	10	3	7	7	3	2	2	5	13	17	14	6
9	1	7	2	3	9	12	6	13	20	13	5	12	2	19	12	18	16	13	9	9	14	16	17
10	2	8	1	4	10	11	5	14	19	14	6	11	1	20	11	17	15	14	10	10	13	15	18
12	9	3	1	7	4	9	11	5	14	2	13	1	2	18	8	15	20	6	4	4	5	1	16
11	10	4	2	8	3	10	12	6	13	1	14	2	1	17	7	16	19	5	3	3	6	2	15
5	11	10	3	7	7	4	10	11	6	14	3	14	7	7	3	9	12	5	2	16	14	6	12
6	12	9	4	8	8	3	9	12	5	13	4	13	8	8	4	10	11	6	1	15	13	5	11
13	6	12	9	4	8	7	3	9	11	6	14	5	12	10	3	2	7	3	9	11	5	13	2
14	5	11	10	3	7	8	4	10	12	5	13	6	11	9	4	1	8	4	10	12	6	14	1
1	19	11	18	16	14	10	10	13	16	18	12	20	17	8	15	20	5	3	4	6	19	15	7
2	20	12	17	15	13	9	9	14	15	17	11	19	18	7	16	19	6	4	3	5	20	16	8
20	3	20	11	18	15	2	9	10	14	15	18	11	7	15	20	5	4	3	6	19	16	8	17
19	4	19	12	17	16	1	10	9	13	16	17	12	8	16	19	6	3	4	5	20	15	7	18
11	20	5	19	12	17	15	13	9	10	13	15	17	3	9	11	5	13	12	2	6	12	10	4
12	19	6	20	11	18	16	14	10	9	14	16	18	4	10	12	6	14	11	1	5	11	9	3
17	11	20	8	19	2	18	2	13	9	10	14	16	9	9	13	15	18	2	20	15	20	12	18
18	12	19	7	20	1	17	1	14	10	9	13	15	10	10	14	16	17	1	19	16	19	11	17
16	18	11	20	9	20	12	17	15	14	10	10	14	18	11	19	7	19	1	17	1	13	10	10
15	17	12	19	10	19	11	18	16	13	9	9	13	17	12	20	8	20	2	18	2	14	9	9
13	16	18	12	19	11	20	11	1	15	14	9	10	19	5	4	4	5	20	16	8	2	20	17
14	15	17	11	20	12	19	12	2	16	13	10	9	20	6	3	3	6	19	15	7	1	19	18
9	14	16	18	11	20	14	19	12	18	15	14	9	3	2	2	19	15	8	18	16	2	7	16
10	13	15	17	12	19	13	20	11	17	16	13	10	4	1	1	20	16	7	17	15	1	8	15
9	9	13	16	18	1	19	15	20	12	18	16	13	19	3	19	11	18	16	2	10	10	13	15
10	10	14	15	17	2	20	16	19	11	17	15	14	20	4	20	12	17	15	1	9	9	14	16
13	9	10	13	15	17	11	19	17	1	12	17	16	16	17	12	20	9	19	12	18	16	14	10
14	10	9	14	16	18	12	20	18	2	11	18	15	15	18	11	19	10	20	11	17	15	13	9
15	14	9	9	14	15	17	12	20	19	19	12	17	16	14	10	9	14	15	17	12	20	20	19
16	13	10	10	13	16	18	11	19	20	20	11	18	15	13	9	10	13	16	18	11	19	19	20
17	16	13	10	2	14	15	17	12	2	2	20	12	7	17	5	17	7	15	19	5	3	3	5
18	15	14	9	1	13	16	18	11	1	1	19	11	8	18	6	18	8	16	20	6	4	4	6
11	18	16	13	2	10	2	2	1	12	19	3	20	8	1	9	12	6	13	13	14	5	11	9
12	17	15	14	1	9	1	1	2	11	20	4	19	7	2	10	11	5	14	14	13	6	12	10
20	11	17	15	14	9	9	14	16	18	12	20	5	19	11	17	16	13	9	10	14	15	18	11
19	12	18	16	13	10	10	13	15	17	11	19	6	20	12	18	15	14	10	9	13	16	17	12
