2	9	11	6	8	2	10	15	16	2	7	12	13	18	4	3	14	1	9	4
5	12	14	9	11	3	13	18	1	1	10	15	16	3	3	6	17	4	12	7
10	17	1	14	16	4	18	5	6	4	15	2	3	8	2	11	4	9	16	12
3	10	12	7	9	2	11	16	17	3	8	13	14	1	1	4	15	2	10	5
7	14	16	11	13	3	15	2	3	4	12	17	18	5	4	8	1	6	13	9
11	18	2	15	17	4	1	6	7	1	16	3	4	9	17	12	5	10	2	13
4	11	13	8	10	2	12	17	18	4	9	14	15	2	3	5	16	3	11	6
16	5	7	2	4	4	6	11	12	18	3	8	9	14	4	17	10	15	1	18
18	7	9	4	6	1	8	13	14	2	5	10	11	16	2	1	12	17	2	2
6	13	15	10	12	3	14	1	2	17	11	16	17	4	1	7	18	5	2	8
14	3	5	18	2	1	4	9	10	3	1	6	7	12	3	15	8	13	18	16
1	8	10	5	7	2	9	14	15	1	6	11	12	17	2	2	13	18	1	3
8	15	17	12	14	3	16	3	4	3	13	18	1	6	2	9	2	7	14	10
9	16	18	13	15	4	17	4	5	2	14	1	2	7	1	10	3	8	15	11
17	6	8	3	5	1	7	12	13	4	4	9	10	15	18	18	11	16	1	1
12	1	3	16	18	1	2	7	8	1	17	4	5	10	1	13	6	11	17	14
13	2	4	17	1	17	3	8	9	3	18	5	6	11	4	14	7	12	2	15
15	4	6	1	3	18	5	10	11	2	2	7	8	13	3	16	9	14	1	17
3	12	15	11	14	6	17	6	8	6	18	7	10	16	8	5	4	13	9	18
6	15	18	14	17	7	2	9	11	5	3	10	13	1	7	8	7	16	12	3
11	2	5	1	4	8	7	14	16	8	8	15	18	6	6	13	12	3	16	8
4	13	16	12	15	6	18	7	9	7	1	8	11	17	5	6	5	14	10	1
8	17	2	16	1	7	4	11	13	8	5	12	15	3	8	10	9	18	13	5
12	3	6	2	5	8	8	15	17	5	9	16	1	7	17	14	13	4	4	9
5	14	17	13	16	6	1	8	10	8	2	9	12	18	7	7	6	15	11	2
17	8	11	7	10	8	13	2	4	18	14	3	6	12	8	1	18	9	3	14
1	10	13	9	12	5	15	4	6	6	16	5	8	14	6	3	2	11	4	16
7	16	1	15	18	7	3	10	12	17	4	11	14	2	5	9	8	17	4	4
15	6	9	5	8	5	11	18	2	7	12	1	4	10	7	17	16	7	18	12
2	11	14	10	13	6	16	5	7	5	17	6	9	15	6	4	3	12	3	17
9	18	3	17	2	7	5	12	14	7	6	13	16	4	6	11	10	1	14	6
10	1	4	18	3	8	6	13	15	6	7	14	17	5	5	12	11	2	15	7
18	9	12	8	11	5	14	3	5	8	15	4	7	13	18	2	1	10	3	15
13	4	7	3	6	5	9	16	18	5	10	17	2	8	5	15	14	5	17	10
14	5	8	4	7	17	10	17	1	7	11	18	3	9	8	16	15	6	4	11
16	7	10	6	9	18	12	1	3	6	13	2	5	11	7	18	17	8	3	13
4	14	18	9	2	10	6	10	13	10	11	3	5	8	12	4	12	7	9	15
7	17	3	12	5	11	9	13	16	9	14	6	8	11	11	7	15	10	12	18
12	4	8	17	10	12	14	18	3	12	1	11	13	16	10	12	2	15	16	5
5	15	1	10	3	10	7	11	14	11	12	4	6	9	9	5	13	8	10	16
9	1	5	14	7	11	11	15	18	12	16	8	10	13	12	9	17	12	13	2
13	5	9	18	11	12	15	1	4	9	2	12	14	17	17	13	3	16	6	6
6	16	2	11	4	10	8	12	15	12	13	5	7	10	11	6	14	9	11	17
18	10	14	5	16	12	2	6	9	18	7	17	1	4	12	18	8	3	5	11
2	12	16	7	18	9	4	8	11	10	9	1	3	6	10	2	10	5	6	13
8	18	4	13	6	11	10	14	17	17	15	7	9	12	9	8	16	11	6	1
16	8	12	3	14	9	18	4	7	11	5	15	17	2	11	16	6	1	18	9
3	13	17	8	1	10	5	9	12	9	10	2	4	7	10	3	11	6	5	14
10	2	6	15	8	11	12	16	1	11	17	9	11	14	10	10	18	13	14	3
11	3	7	16	9	12	13	17	2	10	18	10	12	15	9	11	1	14	15	4
1	11	15	6	17	9	3	7	10	12	8	18	2	5	18	1	9	4	5	12
14	6	10	1	12	9	16	2	5	9	3	13	15	18	9	14	4	17	17	7
15	7	11	2	13	17	17	3	6	11	4	14	16	1	12	15	5	18	6	8
17	9	13	4	15	18	1	5	8	10	6	16	18	3	11	17	7	2	5	10
5	2	12	18	10	14	9	7	6	14	13	16	4	15	16	8	10	17	9	11
8	5	15	3	13	15	12	10	9	13	16	1	7	18	15	11	13	2	12	14
13	10	2	8	18	16	17	15	14	16	3	6	12	5	14	16	18	7	16	1
6	3	13	1	11	14	10	8	7	15	14	17	5	16	13	9	11	18	10	12
10	7	17	5	15	15	14	12	11	16	18	3	9	2	16	13	15	4	13	16
14	11	3	9	1	16	18	16	15	13	4	7	13	6	17	17	1	8	8	2
7	4	14	2	12	14	11	9	8	16	15	18	6	17	15	10	12	1	11	13
1	16	8	14	6	16	5	3	2	18	9	12	18	11	16	4	6	13	7	7
3	18	10	16	8	13	7	5	4	14	11	14	2	13	14	6	8	15	8	9
9	6	16	4	14	15	13	11	10	17	17	2	8	1	13	12	14	3	8	15
17	14	6	12	4	13	3	1	18	15	7	10	16	9	15	2	4	11	18	5
4	1	11	17	9	14	8	6	5	13	12	15	3	14	14	7	9	16	7	10
11	8	18	6	16	15	15	13	12	15	1	4	10	3	14	14	16	5	14	17
12	9	1	7	17	16	16	14	13	14	2	5	11	4	13	15	17	6	15	18
2	17	9	15	7	13	6	4	3	16	10	13	1	12	18	5	7	14	7	8
15	12	4	10	2	13	1	17	16	13	5	8	14	7	13	18	2	9	17	3
16	13	5	11	3	17	2	18	17	15	6	9	15	8	16	1	3	10	8	4
18	15	7	13	5	18	4	2	1	14	8	11	17	10	15	3	5	12	7	6
