1	4	10	7	
2	5	11	8	
3	6	3	9	
4	7	1	nuke	1	
5	8	2	11	
6	9	nuke	10	1	
7	10	4	1	
8	11	5	2	
9	2	6	3	
10	1	7	4	
11	nuke	8	5	1	
1	5	3	nuke	2	
2	6	1	11	
3	7	2	10	
4	8	nuke	1	2	
5	9	4	2	
6	10	5	3	
7	11	6	4	
8	2	7	5	
9	1	8	6	
10	nuke	9	7	2	
11	3	10	8	
1	6	11	10	
2	7	3	1	
3	8	1	2	
4	9	2	3	
5	10	nuke	4	3	
6	11	4	5	
7	2	5	6	
8	1	6	7	
9	nuke	7	8	3	
10	3	8	9	
11	4	9	nuke	3	
1	3	4	11	
2	4	5	10	
3	5	6	1	
4	6	7	2	
5	7	8	3	
6	8	9	4	
7	9	10	5	
8	10	11	6	
9	11	3	7	
10	2	1	8	
11	1	2	9	
nuke	3	9	6	1	
nuke	4	11	9	2	
nuke	5	10	11	3	
