9	nuke	6	3	1	
1	4	9	7	
2	5	12	8	
4	7	1	10	
5	8	2	11	
3	6	nuke	9	1	
7	10	4	1	
8	11	5	2	
10	1	7	4	
11	2	8	5	
12	3	10	6	
6	9	3	nuke	1	
1	5	11	10	
2	6	1	11	
3	7	2	12	
4	8	3	1	
5	9	4	2	
6	10	5	3	
7	11	6	4	
8	12	7	5	
9	1	8	6	
10	2	10	7	
11	3	9	8	
12	4	12	9	
5	nuke	3	4	2	
1	6	12	12	
2	7	11	1	
3	8	1	2	
4	9	2	3	
12	5	nuke	11	2	
6	11	4	5	
7	12	5	6	
8	1	6	7	
9	2	7	8	
10	3	8	9	
11	4	10	nuke	2	
1	3	4	11	
2	4	5	12	
3	5	6	1	
4	6	7	2	
5	7	8	3	
6	8	10	4	
7	9	9	5	
8	10	12	6	
9	11	11	7	
10	12	1	8	
11	1	2	9	
12	2	3	10	
nuke	12	11	12	1	
nuke	10	9	10	2	
