13	nuke	6	3	1	
1	2	8	5	
2	3	10	6	
3	4	9	7	
4	5	11	8	
5	6	12	9	
7	8	nuke	11	1	
6	7	14	10	
8	9	1	12	
9	10	2	13	
11	12	4	1	
12	13	5	2	
14	1	7	4	
10	11	3	nuke	1	
1	3	9	8	
2	4	11	9	
3	5	12	10	
4	6	14	11	
5	7	13	12	
6	8	1	13	
7	9	2	14	
8	10	3	1	
9	11	4	2	
10	12	5	3	
11	13	6	4	
12	14	7	5	
13	1	8	6	
14	2	10	7	
7	nuke	1	2	2	
3	6	11	12	
4	7	12	13	
5	8	14	14	
6	9	13	1	
8	11	2	3	
2	5	nuke	11	2	
9	12	3	4	
10	13	4	5	
11	14	5	6	
12	1	6	7	
13	2	7	8	
14	3	8	9	
1	4	10	nuke	2	
1	5	6	14	
2	6	7	1	
3	7	8	2	
4	8	10	3	
5	9	9	4	
6	10	11	5	
7	11	12	6	
8	12	14	7	
9	13	13	8	
10	14	1	9	
11	1	2	10	
12	2	3	11	
13	3	4	12	
14	4	5	13	
nuke	14	13	14	1	
nuke	10	9	10	2	
