1	2	3	4	
2	3	4	5	
3	nuke	5	6	1	
4	5	6	7	
5	6	7	8	
6	7	nuke	9	1	
7	8	9	10	
8	9	10	11	
9	10	11	nuke	1	
10	11	12	13	
11	12	13	14	
12	13	14	15	
13	14	15	16	
14	15	16	12	
15	16	8	1	
16	4	1	2	
1	3	5	7	
2	nuke	6	8	2	
3	5	7	9	
4	6	nuke	10	2	
5	7	9	11	
6	8	10	nuke	2	
7	9	11	13	
8	10	12	14	
9	11	13	15	
10	12	14	16	
11	13	15	12	
12	14	16	1	
13	15	8	2	
14	16	1	3	
15	4	2	4	
16	1	3	5	
1	nuke	7	10	3	
2	5	nuke	11	3	
3	6	9	nuke	3	
4	7	10	13	
5	8	11	14	
6	9	12	15	
7	10	13	16	
8	11	14	12	
9	12	15	1	
10	13	16	2	
11	14	8	3	
12	15	1	4	
13	16	2	5	
14	4	3	6	
15	1	4	7	
16	2	5	8	
1	5	9	13	
2	6	10	14	
3	7	11	15	
4	8	12	16	
5	9	13	12	
6	10	14	1	
7	11	15	2	
8	12	16	3	
9	13	8	4	
10	14	1	5	
11	15	2	6	
12	16	3	7	
13	4	4	8	
14	1	5	9	
15	2	6	10	
16	3	7	11	
nuke	1	2	3	1	
nuke	2	4	6	2	
nuke	3	6	9	3	
