16	nuke	1	2	1	
1	2	3	4	
2	3	4	5	
3	4	5	6	
4	5	6	7	
5	6	7	8	
6	7	8	9	
7	8	9	10	
15	16	nuke	1	1	
8	9	10	11	
9	10	12	12	
10	11	11	13	
11	12	13	14	
12	13	14	15	
13	14	15	16	
17	1	2	3	
14	15	17	nuke	1	
1	3	5	7	
2	4	6	8	
3	5	7	9	
4	6	8	10	
5	7	9	11	
6	8	10	12	
7	9	12	13	
8	10	11	14	
9	11	13	15	
10	12	14	16	
11	13	15	17	
12	14	17	1	
13	15	16	2	
14	16	1	3	
15	17	2	4	
16	1	3	5	
17	2	4	6	
9	nuke	15	1	2	
1	4	7	10	
2	5	8	11	
4	7	10	13	
5	8	12	14	
7	10	13	16	
8	11	14	17	
10	13	17	2	
6	9	nuke	15	2	
11	14	16	3	
12	15	1	4	
13	16	2	5	
14	17	3	6	
15	1	4	7	
16	2	5	8	
17	3	6	9	
3	6	9	nuke	2	
1	5	9	13	
2	6	10	14	
3	7	12	15	
4	8	11	16	
5	9	13	17	
6	10	14	1	
7	11	15	2	
8	12	17	3	
9	13	16	4	
10	14	1	5	
11	15	2	6	
12	16	3	7	
13	17	4	8	
14	1	5	9	
15	2	6	10	
16	3	7	11	
17	4	8	12	
nuke	17	16	17	1	
nuke	12	11	12	2	
