1	2	5	12	
2	3	6	13	
3	nuke	7	14	1	
4	5	8	15	
5	6	9	16	
6	7	10	17	
7	8	11	18	
8	9	12	19	
9	10	nuke	20	1	
10	11	14	21	
11	12	15	6	
12	13	16	1	
13	14	17	2	
14	15	18	3	
15	16	19	4	
16	17	20	5	
17	18	21	nuke	1	
18	19	13	7	
19	20	1	8	
20	21	2	9	
21	4	3	10	
1	3	9	17	
2	nuke	10	18	2	
3	5	11	19	
4	6	12	20	
5	7	nuke	21	2	
6	8	14	6	
7	9	15	1	
8	10	16	2	
9	11	17	3	
10	12	18	4	
11	13	19	5	
12	14	20	nuke	2	
13	15	21	7	
14	16	13	8	
15	17	1	9	
16	18	2	10	
17	19	3	11	
18	20	4	12	
19	21	5	13	
20	4	6	14	
21	1	7	15	
1	nuke	12	15	3	
2	5	nuke	16	3	
3	6	14	17	
4	7	15	18	
5	8	16	19	
6	9	17	20	
7	10	18	21	
8	11	19	6	
9	12	20	1	
10	13	21	2	
11	14	13	3	
12	15	1	4	
13	16	2	5	
14	17	3	nuke	3	
15	18	4	7	
16	19	5	8	
17	20	6	9	
18	21	7	10	
19	4	8	11	
20	1	9	12	
21	2	10	13	
1	5	14	7	
2	6	15	8	
3	7	16	9	
4	8	17	10	
5	9	18	11	
6	10	19	12	
7	11	20	13	
8	12	21	14	
9	13	13	15	
10	14	1	16	
11	15	2	17	
12	16	3	18	
13	17	4	19	
14	18	5	20	
15	19	6	21	
16	20	7	6	
17	21	8	1	
18	4	9	2	
19	1	10	3	
20	2	11	4	
21	3	12	5	
nuke	1	4	11	1	
nuke	2	8	16	2	
nuke	3	11	14	3	
