1	2	3	4	
2	3	4	5	
3	nuke	5	6	1	
4	5	6	7	
5	6	7	8	
6	7	nuke	9	1	
7	8	9	10	
8	9	10	11	
9	10	11	nuke	1	
10	11	12	13	
11	12	13	14	
12	13	14	15	
13	14	15	16	
14	15	16	17	
15	16	17	18	
16	17	18	19	
17	18	19	20	
18	19	20	21	
19	20	21	22	
20	21	22	12	
21	22	8	1	
22	4	1	2	
1	3	5	7	
2	nuke	6	8	2	
3	5	7	9	
4	6	nuke	10	2	
5	7	9	11	
6	8	10	nuke	2	
7	9	11	13	
8	10	12	14	
9	11	13	15	
10	12	14	16	
11	13	15	17	
12	14	16	18	
13	15	17	19	
14	16	18	20	
15	17	19	21	
16	18	20	22	
17	19	21	12	
18	20	22	1	
19	21	8	2	
20	22	1	3	
21	4	2	4	
22	1	3	5	
1	nuke	7	10	3	
2	5	nuke	11	3	
3	6	9	nuke	3	
4	7	10	13	
5	8	11	14	
6	9	12	15	
7	10	13	16	
8	11	14	17	
9	12	15	18	
10	13	16	19	
11	14	17	20	
12	15	18	21	
13	16	19	22	
14	17	20	12	
15	18	21	1	
16	19	22	2	
17	20	8	3	
18	21	1	4	
19	22	2	5	
20	4	3	6	
21	1	4	7	
22	2	5	8	
1	5	9	13	
2	6	10	14	
3	7	11	15	
4	8	12	16	
5	9	13	17	
6	10	14	18	
7	11	15	19	
8	12	16	20	
9	13	17	21	
10	14	18	22	
11	15	19	12	
12	16	20	1	
13	17	21	2	
14	18	22	3	
15	19	8	4	
16	20	1	5	
17	21	2	6	
18	22	3	7	
19	4	4	8	
20	1	5	9	
21	2	6	10	
22	3	7	11	
nuke	1	2	3	1	
nuke	2	4	6	2	
nuke	3	6	9	3	
